chr_name	start	end	val
chr1	45000000	49999999	0.070859
chr1	55000000	59999999	0.30046
chr1	60000000	64999999	0.125421
chr1	70000000	74999999	0.158156
chr1	75000000	79999999	0.16354
chr1	80000000	84999999	0.342921
chr1	85000000	89999999	0.180912
chr1	95000000	99999999	0.36324
chr1	100000000	104999999	0.179303
chr1	105000000	109999999	0.172213
chr1	110000000	114999999	0.067627
chr1	115000000	119999999	0.230514
chr1	140000000	144999999	0.069617
chr1	150000000	154999999	0.000757
chr1	155000000	159999999	0.075048
chr1	160000000	164999999	0.251722
chr1	165000000	169999999	0.142465
chr1	170000000	174999999	0.197551
chr1	175000000	179999999	0.127768
chr1	180000000	184999999	0.156571
chr1	185000000	189999999	0.141465
chr1	190000000	194999999	0.134888
chr1	195000000	199999999	0.063325
chr1	205000000	209999999	0.163839
chr1	215000000	219999999	0.2373
chr2	0	4999999	0.011346
chr2	15000000	19999999	0.270475
chr2	20000000	24999999	0.169368
chr2	50000000	54999999	0.124923
chr2	55000000	59999999	0.312155
chr2	65000000	69999999	0.107776
chr2	75000000	79999999	0.158579
chr2	80000000	84999999	0.128404
chr2	115000000	119999999	0.140951
chr2	135000000	139999999	0.127235
chr2	140000000	144999999	0.211352
chr2	145000000	149999999	0.392059
chr2	150000000	154999999	0.144308
chr2	155000000	159999999	0.242837
chr2	160000000	164999999	0.360153
chr2	165000000	169999999	0.247326
chr2	175000000	179999999	0.318574
chr2	180000000	184999999	0.269758
chr2	185000000	189999999	0.187361
chr2	190000000	194999999	0.114884
chr2	195000000	199999999	0.223479
chr2	205000000	209999999	0.130663
chr2	210000000	214999999	0.242299
chr2	215000000	219999999	0.042422
chr2	220000000	224999999	0.115627
chr2	240000000	244999999	0.000191
chr3	0	4999999	0.254668
chr3	15000000	19999999	0.14233
chr3	40000000	44999999	0.104252
chr3	45000000	49999999	0.012736
chr3	50000000	54999999	0.074515
chr3	60000000	64999999	0.235448
chr3	65000000	69999999	0.151597
chr3	70000000	74999999	0.202422
chr3	75000000	79999999	0.198831
chr3	80000000	84999999	0.190274
chr3	85000000	89999999	0.158496
chr3	90000000	94999999	0.289692
chr3	95000000	99999999	0.13667
chr3	100000000	104999999	0.211257
chr3	105000000	109999999	0.264618
chr3	110000000	114999999	0.232718
chr3	115000000	119999999	0.447877
chr3	120000000	124999999	0.127344
chr3	130000000	134999999	0.060828
chr3	135000000	139999999	0.167436
chr3	140000000	144999999	0.160368
chr3	145000000	149999999	0.261633
chr3	155000000	159999999	0.16783
chr3	160000000	164999999	0.130948
chr3	165000000	169999999	0.157522
chr4	5000000	9999999	0.003871
chr4	10000000	14999999	0.101899
chr4	15000000	19999999	0.10506
chr4	20000000	24999999	0.183899
chr4	30000000	34999999	0.160165
chr4	45000000	49999999	0.035085
chr4	50000000	54999999	0.13747
chr4	55000000	59999999	0.074321
chr4	60000000	64999999	0.108696
chr4	65000000	69999999	0.14502
chr4	70000000	74999999	0.096959
chr4	95000000	99999999	0.230866
chr4	100000000	104999999	0.164243
chr4	105000000	109999999	0.287146
chr4	110000000	114999999	0.111103
chr4	115000000	119999999	0.167513
chr4	120000000	124999999	0.151372
chr4	125000000	129999999	0.130052
chr4	130000000	134999999	0.196394
chr4	135000000	139999999	0.205271
chr4	155000000	159999999	0.124661
chr4	165000000	169999999	0.077013
chr4	170000000	174999999	0.119523
chr4	175000000	179999999	0.136018
chr4	180000000	184999999	0.075189
chr4	190000000	194999999	0.143221
chr5	0	4999999	0.051608
chr5	20000000	24999999	0.048667
chr5	25000000	29999999	0.157727
chr5	35000000	39999999	0.135251
chr5	40000000	44999999	0.212151
chr5	45000000	49999999	0.108005
chr5	50000000	54999999	0.202523
chr5	55000000	59999999	0.141756
chr5	60000000	64999999	0.198889
chr5	65000000	69999999	0.036018
chr5	80000000	84999999	0.193057
chr5	85000000	89999999	0.376494
chr5	90000000	94999999	0.331613
chr5	95000000	99999999	0.182445
chr5	100000000	104999999	0.258081
chr5	105000000	109999999	0.276651
chr5	110000000	114999999	0.138339
chr5	115000000	119999999	0.185728
chr5	120000000	124999999	0.280432
chr5	125000000	129999999	0.231587
chr5	140000000	144999999	0.219056
chr5	160000000	164999999	0.220651
chr5	165000000	169999999	0.264562
chr6	5000000	9999999	0.039022
chr6	25000000	29999999	0.060995
chr6	30000000	34999999	0.026132
chr6	45000000	49999999	0.152129
chr6	50000000	54999999	0.153833
chr6	55000000	59999999	0.16414
chr6	60000000	64999999	0.119126
chr6	65000000	69999999	0.108043
chr6	70000000	74999999	0.073205
chr6	75000000	79999999	0.190887
chr6	80000000	84999999	0.202893
chr6	85000000	89999999	0.192816
chr6	90000000	94999999	0.312103
chr6	95000000	99999999	0.334671
chr6	100000000	104999999	0.282048
chr6	115000000	119999999	0.239301
chr6	120000000	124999999	0.200419
chr6	125000000	129999999	0.245078
chr6	140000000	144999999	0.183516
chr6	145000000	149999999	0.147346
chr6	170000000	174999999	0.056223
chr7	10000000	14999999	0.22298
chr7	15000000	19999999	0.204196
chr7	25000000	29999999	0.217879
chr7	30000000	34999999	0.184464
chr7	40000000	44999999	0.052866
chr7	50000000	54999999	0.048205
chr7	65000000	69999999	0.035049
chr7	80000000	84999999	0.13274
chr7	85000000	89999999	0.209133
chr7	90000000	94999999	0.304275
chr7	105000000	109999999	0.118309
chr7	110000000	114999999	0.334958
chr7	115000000	119999999	0.231211
chr7	120000000	124999999	0.195226
chr7	140000000	144999999	0.069827
chr8	20000000	24999999	0.006915
chr8	50000000	54999999	0.034235
chr8	60000000	64999999	0.217537
chr8	65000000	69999999	0.120969
chr8	70000000	74999999	0.183611
chr8	75000000	79999999	0.281687
chr8	85000000	89999999	0.112075
chr8	90000000	94999999	0.310729
chr8	95000000	99999999	0.029676
chr8	105000000	109999999	0.259072
chr8	110000000	114999999	0.167306
chr8	115000000	119999999	0.276128
chr8	120000000	124999999	0.07873
chr8	130000000	134999999	0.068647
chr8	135000000	139999999	0.074395
chr8	140000000	144999999	0.001728
chr8	145000000	149999999	0.201011
chr9	0	4999999	0.145533
chr9	5000000	9999999	0.094978
chr9	10000000	14999999	0.231767
chr9	15000000	19999999	0.141332
chr9	20000000	24999999	0.311918
chr9	25000000	29999999	0.210772
chr9	30000000	34999999	0.049249
chr9	40000000	44999999	0.148875
chr9	45000000	49999999	0.08773
chr9	65000000	69999999	0.182395
chr9	80000000	84999999	0.341093
chr9	100000000	104999999	0.168489
chr9	115000000	119999999	0.139553
chr9	140000000	144999999	0.037919
chr10	40000000	44999999	0.069198
chr10	45000000	49999999	0.059373
chr10	50000000	54999999	0.094541
chr10	65000000	69999999	0.102449
chr10	75000000	79999999	0.131872
chr10	80000000	84999999	0.067972
chr10	90000000	94999999	0.081228
chr10	105000000	109999999	0.159827
chr10	130000000	134999999	0.011768
chr10	135000000	139999999	0.015948
chr11	0	4999999	0.049448
chr11	5000000	9999999	0.178401
chr11	10000000	14999999	0.203679
chr11	15000000	19999999	0.150254
chr11	20000000	24999999	0.114591
chr11	25000000	29999999	0.20258
chr11	30000000	34999999	0.126903
chr11	35000000	39999999	0.094663
chr11	40000000	44999999	0.105383
chr11	50000000	54999999	0.442162
chr11	55000000	59999999	0.151954
chr11	80000000	84999999	0.233682
chr11	85000000	89999999	0.097854
chr11	90000000	94999999	0.202255
chr11	95000000	99999999	0.161879
chr11	100000000	104999999	0.036104
chr11	110000000	114999999	0.240378
chr11	120000000	124999999	0.119544
chr11	125000000	129999999	0.129117
chr11	130000000	134999999	0.13476
chr12	15000000	19999999	0.20276
chr12	30000000	34999999	0.010777
chr12	35000000	39999999	0.112535
chr12	40000000	44999999	0.195458
chr12	55000000	59999999	0.147028
chr12	70000000	74999999	0.177857
chr12	75000000	79999999	0.129291
chr12	80000000	84999999	0.162775
chr12	85000000	89999999	0.233374
chr12	110000000	114999999	0.010515
chr12	125000000	129999999	0.021818
chr12	130000000	134999999	0.03015
chr13	35000000	39999999	0.153345
chr13	50000000	54999999	0.117015
chr13	55000000	59999999	0.182564
chr13	60000000	64999999	0.187096
chr13	65000000	69999999	0.177656
chr13	70000000	74999999	0.179224
chr13	75000000	79999999	0.230108
chr13	80000000	84999999	0.099215
chr13	85000000	89999999	0.102714
chr13	100000000	104999999	0.121626
chr13	110000000	114999999	0.052188
chr14	15000000	19999999	0.212517
chr14	20000000	24999999	0.097492
chr14	25000000	29999999	0.332257
chr14	35000000	39999999	0.302913
chr14	40000000	44999999	0.137202
chr14	65000000	69999999	0.133464
chr14	80000000	84999999	0.145301
chr14	95000000	99999999	0.031903
chr14	105000000	109999999	0.21811
chr15	15000000	19999999	0.169078
chr15	30000000	34999999	0.195057
chr15	35000000	39999999	0.035656
chr15	50000000	54999999	0.140731
chr15	55000000	59999999	0.093326
chr15	65000000	69999999	0.116611
chr15	75000000	79999999	0.036988
chr15	90000000	94999999	0.146845
chr15	95000000	99999999	0.050051
chr15	100000000	104999999	0.290614
chr16	30000000	34999999	0.030295
chr16	50000000	54999999	0.151772
chr16	60000000	64999999	0.125126
chr17	45000000	49999999	0.072803
chr18	20000000	24999999	0.236411
chr18	25000000	29999999	0.15849
chr18	30000000	34999999	0.231344
chr18	35000000	39999999	0.259774
chr18	40000000	44999999	0.096712
chr18	45000000	49999999	0.042529
chr18	60000000	64999999	0.081154
chr18	65000000	69999999	0.051204
chr18	70000000	74999999	0.025154
chr19	0	4999999	0.088214
chr19	5000000	9999999	0.031081
chr19	15000000	19999999	0.003496
chr19	20000000	24999999	0.676641
chr19	45000000	49999999	0.035407
chr19	60000000	64999999	0.068848
chr20	10000000	14999999	0.271058
chr20	15000000	19999999	0.103387
chr20	20000000	24999999	0.062757
chr20	50000000	54999999	0.004302
chr20	55000000	59999999	0.027915
chr21	10000000	14999999	0.081266
chr21	15000000	19999999	0.142374
chr21	20000000	24999999	0.080445
chr21	25000000	29999999	0.042282
chr22	45000000	49999999	0.018495
chrX	10000000	14999999	0.339356
chrX	15000000	19999999	0.110288
chrX	20000000	24999999	0.259945
chrX	25000000	29999999	0.295213
chrX	30000000	34999999	0.241662
chrX	35000000	39999999	0.296888
chrX	45000000	49999999	0.092521
chrX	50000000	54999999	0.237169
chrX	55000000	59999999	0.473954
chrX	60000000	64999999	0.400579
chrX	65000000	69999999	0.447925
chrX	70000000	74999999	0.261993
chrX	75000000	79999999	0.281912
chrX	80000000	84999999	0.392545
chrX	85000000	89999999	0.362504
chrX	90000000	94999999	0.361781
chrX	95000000	99999999	0.524297
chrX	100000000	104999999	0.295934
chrX	105000000	109999999	0.464731
chrX	110000000	114999999	0.343236
chrX	115000000	119999999	0.152588
chrX	120000000	124999999	0.386297
chrX	125000000	129999999	0.377613
chrX	130000000	134999999	0.208889
chrX	135000000	139999999	0.370873
chrX	140000000	144999999	0.230952
chrX	145000000	149999999	0.377557
chrX	150000000	154999999	0.181897
chrY	5000000	9999999	0.031316
chrY	10000000	14999999	0.066598
chrY	55000000	59999999	0.644468
chr1	0	4999999	-0.455033
chr1	5000000	9999999	-0.465549
chr1	10000000	14999999	-0.359985
chr1	15000000	19999999	-0.34386
chr1	20000000	24999999	-0.363782
chr1	25000000	29999999	-0.400896
chr1	30000000	34999999	-0.154363
chr1	35000000	39999999	-0.122774
chr1	40000000	44999999	-0.046821
chr1	50000000	54999999	-0.113029
chr1	65000000	69999999	-0.00657
chr1	90000000	94999999	-0.031386
chr1	120000000	124999999	-0.02436
chr1	145000000	149999999	-0.231238
chr1	200000000	204999999	-0.266508
chr1	210000000	214999999	-0.033249
chr1	220000000	224999999	-0.248996
chr1	225000000	229999999	-0.229485
chr1	230000000	234999999	-0.172159
chr1	235000000	239999999	-0.059945
chr1	240000000	244999999	-0.173164
chr1	245000000	249999999	-0.216653
chr2	5000000	9999999	-0.095444
chr2	10000000	14999999	-0.02081
chr2	25000000	29999999	-0.129111
chr2	30000000	34999999	-0.061344
chr2	35000000	39999999	-0.021796
chr2	40000000	44999999	-0.02831
chr2	45000000	49999999	-0.013114
chr2	60000000	64999999	-0.05537
chr2	70000000	74999999	-0.063127
chr2	85000000	89999999	-0.175387
chr2	90000000	94999999	-0.150323
chr2	95000000	99999999	-0.077111
chr2	100000000	104999999	-0.037582
chr2	105000000	109999999	-0.134865
chr2	110000000	114999999	-0.062095
chr2	120000000	124999999	-0.04383
chr2	125000000	129999999	-0.128402
chr2	130000000	134999999	-0.040468
chr2	170000000	174999999	-0.020563
chr2	200000000	204999999	-0.133047
chr2	225000000	229999999	-0.005616
chr2	230000000	234999999	-0.217513
chr2	235000000	239999999	-0.261351
chr3	5000000	9999999	-0.054912
chr3	10000000	14999999	-0.217959
chr3	20000000	24999999	-0.039959
chr3	25000000	29999999	-0.023381
chr3	30000000	34999999	-0.029102
chr3	35000000	39999999	-0.00048
chr3	55000000	59999999	-0.0291
chr3	125000000	129999999	-0.182221
chr3	150000000	154999999	-0.01933
chr3	170000000	174999999	-0.046508
chr3	175000000	179999999	-0.011072
chr3	180000000	184999999	-0.047349
chr3	185000000	189999999	-0.158422
chr3	190000000	194999999	-0.007016
chr3	195000000	199999999	-0.465566
chr4	0	4999999	-0.391678
chr4	25000000	29999999	-0.002378
chr4	35000000	39999999	-0.141253
chr4	40000000	44999999	-0.02625
chr4	75000000	79999999	-0.046524
chr4	80000000	84999999	-0.00032
chr4	85000000	89999999	-0.032373
chr4	90000000	94999999	-0.021742
chr4	140000000	144999999	-0.024194
chr4	145000000	149999999	-0.013269
chr4	150000000	154999999	-0.006855
chr4	160000000	164999999	-0.045875
chr4	185000000	189999999	-0.141921
chr5	5000000	9999999	-0.09562
chr5	10000000	14999999	-0.071814
chr5	15000000	19999999	-0.100621
chr5	30000000	34999999	-0.03576
chr5	70000000	74999999	-0.052762
chr5	75000000	79999999	-0.077392
chr5	130000000	134999999	-0.08302
chr5	135000000	139999999	-0.032343
chr5	145000000	149999999	-0.00072
chr5	150000000	154999999	-0.019759
chr5	155000000	159999999	-0.018435
chr5	170000000	174999999	-0.060585
chr5	175000000	179999999	-0.2981
chr5	180000000	184999999	-0.225988
chr6	0	4999999	-0.16412
chr6	10000000	14999999	-0.104014
chr6	15000000	19999999	-0.114442
chr6	20000000	24999999	-0.033006
chr6	35000000	39999999	-0.09545
chr6	40000000	44999999	-0.084641
chr6	105000000	109999999	-0.095477
chr6	110000000	114999999	-0.041452
chr6	130000000	134999999	-0.046641
chr6	135000000	139999999	-0.077023
chr6	150000000	154999999	-0.116742
chr6	155000000	159999999	-0.157688
chr6	160000000	164999999	-0.127443
chr6	165000000	169999999	-0.277345
chr7	0	4999999	-0.443452
chr7	5000000	9999999	-0.173855
chr7	20000000	24999999	-0.042255
chr7	35000000	39999999	-0.014409
chr7	45000000	49999999	-0.190433
chr7	55000000	59999999	-0.484515
chr7	60000000	64999999	-0.432936
chr7	70000000	74999999	-0.637495
chr7	75000000	79999999	-0.094759
chr7	95000000	99999999	-0.159521
chr7	100000000	104999999	-0.351466
chr7	125000000	129999999	-0.011432
chr7	130000000	134999999	-0.05988
chr7	135000000	139999999	-0.156166
chr7	145000000	149999999	-0.131272
chr7	150000000	154999999	-0.293824
chr7	155000000	159999999	-0.36391
chr8	0	4999999	-0.351893
chr8	5000000	9999999	-0.305585
chr8	10000000	14999999	-0.142048
chr8	15000000	19999999	-0.101024
chr8	25000000	29999999	-0.202392
chr8	30000000	34999999	-0.110706
chr8	35000000	39999999	-0.134881
chr8	40000000	44999999	-0.430231
chr8	45000000	49999999	-0.162237
chr8	55000000	59999999	-0.058269
chr8	80000000	84999999	-0.026486
chr8	100000000	104999999	-0.052368
chr8	125000000	129999999	-0.016378
chr9	35000000	39999999	-0.057582
chr9	70000000	74999999	-0.061809
chr9	75000000	79999999	-0.009521
chr9	85000000	89999999	-0.105457
chr9	90000000	94999999	-0.278881
chr9	95000000	99999999	-0.191263
chr9	105000000	109999999	-0.003862
chr9	110000000	114999999	-0.149236
chr9	120000000	124999999	-0.023453
chr9	125000000	129999999	-0.160313
chr9	130000000	134999999	-0.443513
chr9	135000000	139999999	-0.418402
chr10	0	4999999	-0.304442
chr10	5000000	9999999	-0.165386
chr10	10000000	14999999	-0.353511
chr10	15000000	19999999	-0.291288
chr10	20000000	24999999	-0.191155
chr10	25000000	29999999	-0.284746
chr10	30000000	34999999	-0.257543
chr10	35000000	39999999	-0.153755
chr10	55000000	59999999	-0.049867
chr10	60000000	64999999	-0.026697
chr10	70000000	74999999	-0.282234
chr10	85000000	89999999	-0.055036
chr10	95000000	99999999	-0.09621
chr10	100000000	104999999	-0.082292
chr10	110000000	114999999	-0.007758
chr10	115000000	119999999	-0.008792
chr10	120000000	124999999	-0.041344
chr10	125000000	129999999	-0.0662
chr11	45000000	49999999	-0.118784
chr11	60000000	64999999	-0.238793
chr11	65000000	69999999	-0.304353
chr11	70000000	74999999	-0.108352
chr11	75000000	79999999	-0.008318
chr11	105000000	109999999	-0.012385
chr11	115000000	119999999	-0.007767
chr12	0	4999999	-0.2186
chr12	5000000	9999999	-0.174662
chr12	10000000	14999999	-0.097018
chr12	20000000	24999999	-0.002282
chr12	25000000	29999999	-0.104054
chr12	45000000	49999999	-0.132461
chr12	50000000	54999999	-0.093813
chr12	60000000	64999999	-0.023528
chr12	65000000	69999999	-0.041797
chr12	90000000	94999999	-0.1164
chr12	95000000	99999999	-0.003223
chr12	100000000	104999999	-0.037475
chr12	105000000	109999999	-0.193972
chr12	115000000	119999999	-0.32091
chr12	120000000	124999999	-0.441856
chr13	15000000	19999999	-0.421173
chr13	20000000	24999999	-0.234083
chr13	25000000	29999999	-0.125725
chr13	30000000	34999999	-0.036967
chr13	40000000	44999999	-0.096964
chr13	45000000	49999999	-0.077599
chr13	90000000	94999999	-0.025865
chr13	95000000	99999999	-0.088549
chr13	105000000	109999999	-0.053328
chr14	30000000	34999999	-0.127697
chr14	45000000	49999999	-0.000602
chr14	50000000	54999999	-0.043185
chr14	55000000	59999999	-0.001103
chr14	60000000	64999999	-0.048725
chr14	70000000	74999999	-0.23155
chr14	75000000	79999999	-0.033331
chr14	85000000	89999999	-0.040811
chr14	90000000	94999999	-0.220638
chr14	100000000	104999999	-0.430433
chr15	20000000	24999999	-0.176845
chr15	25000000	29999999	-0.160494
chr15	40000000	44999999	-0.081125
chr15	45000000	49999999	-0.006801
chr15	60000000	64999999	-0.210708
chr15	70000000	74999999	-0.091932
chr15	80000000	84999999	-0.047122
chr15	85000000	89999999	-0.061506
chr16	0	4999999	-0.579861
chr16	5000000	9999999	-0.231021
chr16	10000000	14999999	-0.481248
chr16	15000000	19999999	-0.396275
chr16	20000000	24999999	-0.409476
chr16	25000000	29999999	-0.443382
chr16	45000000	49999999	-0.123468
chr16	55000000	59999999	-0.100126
chr16	65000000	69999999	-0.364874
chr16	70000000	74999999	-0.176331
chr16	75000000	79999999	-0.056605
chr16	80000000	84999999	-0.166315
chr16	85000000	89999999	-0.438182
chr17	0	4999999	-0.577938
chr17	5000000	9999999	-0.35806
chr17	10000000	14999999	-0.085448
chr17	15000000	19999999	-0.393191
chr17	20000000	24999999	-0.260318
chr17	25000000	29999999	-0.169598
chr17	30000000	34999999	-0.272111
chr17	35000000	39999999	-0.248309
chr17	40000000	44999999	-0.332516
chr17	50000000	54999999	-0.048505
chr17	55000000	59999999	-0.296914
chr17	60000000	64999999	-0.339181
chr17	65000000	69999999	-0.080854
chr17	70000000	74999999	-0.517071
chr17	75000000	79999999	-0.568579
chr18	0	4999999	-0.039689
chr18	5000000	9999999	-0.109889
chr18	10000000	14999999	-0.308321
chr18	15000000	19999999	-0.201725
chr18	50000000	54999999	-0.008463
chr18	55000000	59999999	-0.046425
chr18	75000000	79999999	-0.384184
chr19	10000000	14999999	-0.485552
chr19	30000000	34999999	-0.281871
chr19	35000000	39999999	-0.27249
chr19	40000000	44999999	-0.374992
chr19	50000000	54999999	-0.455551
chr19	55000000	59999999	-0.394297
chr20	0	4999999	-0.130718
chr20	5000000	9999999	-0.03932
chr20	25000000	29999999	-0.240152
chr20	30000000	34999999	-0.382061
chr20	35000000	39999999	-0.014329
chr20	40000000	44999999	-0.030478
chr20	45000000	49999999	-0.318194
chr20	60000000	64999999	-0.54387
chr21	5000000	9999999	-0.182811
chr21	30000000	34999999	-0.217259
chr21	35000000	39999999	-0.118329
chr21	40000000	44999999	-0.342289
chr21	45000000	49999999	-0.423818
chr22	15000000	19999999	-0.496732
chr22	20000000	24999999	-0.3533
chr22	25000000	29999999	-0.17064
chr22	30000000	34999999	-0.248653
chr22	35000000	39999999	-0.411396
chr22	40000000	44999999	-0.436893
chrX	5000000	9999999	-0.243172
chrX	40000000	44999999	-0.054874
chrY	0	4999999	-0.237404
chrY	15000000	19999999	-0.549003
chrY	20000000	24999999	-0.327276
chrY	25000000	29999999	-0.303468
