chr_name	start	end	delta_methylation
chr2	66813748	66813861	-0.98
chr10	10580518	10580995	-0.97
chr2	38572394	38572487	-0.97
chr2	163863521	163863822	-0.97
chr2	168261506	168261994	-0.97
chr2	213345536	213346000	-0.97
chr5	3682018	3682430	-0.97
chr10	27172094	27172372	-0.96
chr10	114736784	114736933	-0.96
chr10	136225060	136225389	-0.96
chr2	51343574	51344474	-0.96
chr2	63430055	63430389	-0.96
chr5	179231517	179231986	-0.96
chr7	10827641	10827901	-0.96
chr10	87456005	87456456	-0.95
chr2	46385057	46385265	-0.95
chr2	53067507	53067955	-0.95
chr2	60657004	60657491	-0.95
chr2	105685008	105685452	-0.95
chr2	122904043	122904461	-0.95
chr2	145951001	145951487	-0.95
chr2	174761509	174761982	-0.95
chr5	193697652	193698000	-0.95
chr7	181510504	181510995	-0.95
chr1	71851709	71851989	-0.94
chr1	83731603	83731971	-0.94
chr1	158030001	158031429	-0.94
chr1	158115682	158115998	-0.94
chr10	26313003	26313499	-0.94
chr10	65733009	65733414	-0.94
chr2	132035526	132035987	-0.94
chr2	161485570	161486410	-0.94
chr2	174333503	174333944	-0.94
chr2	180965001	180965447	-0.94
chr5	3685001	3685489	-0.94
chr6	163004513	163004989	-0.94
chr6	165273006	165273478	-0.94
chr1	68251512	68251851	-0.93
chr1	97463005	97463375	-0.93
chr1	157056001	157056469	-0.93
chr1	167748505	167748988	-0.93
chr10	40155509	40156000	-0.93
chr10	81441505	81441984	-0.93
chr10	87314012	87314985	-0.93
chr10	95357560	95358000	-0.93
chr10	96948547	96948982	-0.93
chr10	140117501	140117926	-0.93
chr2	24215566	24215993	-0.93
chr2	52837076	52837368	-0.93
chr2	61206513	61206998	-0.93
chr2	139520501	139520856	-0.93
chr2	148563524	148564495	-0.93
chr2	160796555	160796974	-0.93
chr2	162988501	162988853	-0.93
chr2	174947535	174947953	-0.93
chr3	166931001	166931499	-0.93
chr5	199678636	199678904	-0.93
chr7	9881038	9881435	-0.93
chr7	21086023	21086482	-0.93
chr1	74383015	74383404	-0.92
chr1	150695049	150695472	-0.92
chr1	159896501	159896992	-0.92
chr10	13734075	13735000	-0.92
chr10	40145508	40146487	-0.92
chr10	63997004	63997491	-0.92
chr10	72494111	72494458	-0.92
chr10	72804007	72804453	-0.92
chr10	95195007	95195491	-0.92
chr10	128574502	128574874	-0.92
chr2	12646019	12646498	-0.92
chr2	50200506	50200885	-0.92
chr2	61391026	61391476	-0.92
chr2	67661121	67661896	-0.92
chr2	71871014	71871412	-0.92
chr2	74083001	74083200	-0.92
chr2	117437549	117437967	-0.92
chr2	117907061	117907243	-0.92
chr2	161549531	161549976	-0.92
chr2	176370562	176370879	-0.92
chr4	234781317	234781497	-0.92
chr5	181642039	181642498	-0.92
chr5	185367513	185367998	-0.92
chr5	214083017	214083482	-0.92
chr7	19869016	19869459	-0.92
chr8	90126501	90126986	-0.92
chr1	71251555	71251994	-0.91
chr1	72898637	72899994	-0.91
chr1	104992002	104992380	-0.91
chr1	113245016	113245226	-0.91
chr1	119353188	119353499	-0.91
chr1	126725554	126725984	-0.91
chr1	160030004	160030484	-0.91
chr1	162886011	162886494	-0.91
chr1	197891636	197891982	-0.91
chr10	24270015	24270465	-0.91
chr10	28491510	28491998	-0.91
chr10	42007600	42007985	-0.91
chr10	65227002	65227224	-0.91
chr10	65732046	65732484	-0.91
chr10	69404001	69404500	-0.91
chr10	80139524	80140306	-0.91
chr10	83686502	83686990	-0.91
chr10	83984050	83984240	-0.91
chr10	90423103	90423996	-0.91
chr10	95463526	95463998	-0.91
chr10	96567019	96567494	-0.91
chr10	116258010	116258390	-0.91
chr10	119206020	119206326	-0.91
chr10	126533522	126533917	-0.91
chr10	135330543	135331485	-0.91
chr10	136053001	136053498	-0.91
chr10	137212019	137212467	-0.91
chr10	138628003	138628494	-0.91
chr10	138875007	138875493	-0.91
chr2	10336010	10336498	-0.91
chr2	63641511	63642500	-0.91
chr2	69933024	69933427	-0.91
chr2	87778533	87779446	-0.91
chr2	132334518	132334995	-0.91
chr2	140448024	140448471	-0.91
chr2	141607509	141607953	-0.91
chr2	173443082	173443494	-0.91
chr3	156983544	156983929	-0.91
chr3	160566012	160568960	-0.91
chr5	197528747	197528994	-0.91
chr5	201448002	201448500	-0.91
chr5	214604584	214604972	-0.91
chr6	165813531	165813929	-0.91
chr7	12373003	12373488	-0.91
chr7	18532012	18532451	-0.91
chr7	18608146	18608440	-0.91
chr7	18870104	18870470	-0.91
chr7	20856070	20856366	-0.91
chr7	22369027	22369455	-0.91
chr7	26971517	26972500	-0.91
chr1	102967505	102967982	-0.9
chr1	112722014	112722480	-0.9
chr1	114449501	114449990	-0.9
chr1	115163506	115163875	-0.9
chr1	146399006	146399331	-0.9
chr1	149114622	149114982	-0.9
chr1	163539512	163539987	-0.9
chr1	166751020	166751499	-0.9
chr1	169631055	169631498	-0.9
chr1	199005553	199006000	-0.9
chr1	203343505	203343942	-0.9
chr1	220307583	220307954	-0.9
chr10	24063501	24063981	-0.9
chr10	32079523	32079993	-0.9
chr10	37604025	37604990	-0.9
chr10	80842001	80842500	-0.9
chr10	85645509	85646627	-0.9
chr10	95415047	95415493	-0.9
chr10	98131005	98131483	-0.9
chr10	113770003	113770356	-0.9
chr10	117605801	117605988	-0.9
chr10	120219580	120219979	-0.9
chr10	121998044	121998404	-0.9
chr2	30202175	30202461	-0.9
chr2	44320508	44320986	-0.9
chr2	52722513	52722955	-0.9
chr2	70029010	70029486	-0.9
chr2	81380006	81380975	-0.9
chr2	101092537	101092984	-0.9
chr2	104150514	104150815	-0.9
chr2	117423104	117423500	-0.9
chr2	142524029	142524938	-0.9
chr2	150925582	150925957	-0.9
chr2	178801062	178801486	-0.9
chr2	183078076	183078479	-0.9
chr3	151905342	151905496	-0.9
chr4	232255050	232255178	-0.9
chr5	189244546	189245496	-0.9
chr7	6595537	6595988	-0.9
chr7	12454170	12454492	-0.9
chr7	12455024	12455472	-0.9
chr7	27575001	27575489	-0.9
chr7	179364019	179364458	-0.9
chr8	81773053	81773382	-0.9
chr1	83554516	83555489	-0.89
chr1	88438501	88438799	-0.89
chr1	95749623	95749990	-0.89
chr1	99678002	99678353	-0.89
chr1	115320738	115321490	-0.89
chr1	124215554	124216216	-0.89
chr1	143487575	143487998	-0.89
chr1	146024086	146024402	-0.89
chr1	148657605	148657972	-0.89
chr1	150118597	150118982	-0.89
chr1	157028501	157028997	-0.89
chr1	168931229	168931489	-0.89
chr1	213635004	213635499	-0.89
chr10	15391002	15391494	-0.89
chr10	19305592	19306120	-0.89
chr10	26931008	26931485	-0.89
chr10	50394509	50394975	-0.89
chr10	50512033	50513408	-0.89
chr10	55545526	55545989	-0.89
chr10	72670024	72670491	-0.89
chr10	74757014	74757377	-0.89
chr10	83533502	83535961	-0.89
chr10	134535018	134535476	-0.89
chr10	146257006	146257186	-0.89
chr2	70152008	70152495	-0.89
chr2	70260284	70260993	-0.89
chr2	70463530	70464000	-0.89
chr2	98238503	98239494	-0.89
chr2	116599824	116600468	-0.89
chr2	120611015	120611493	-0.89
chr2	141233090	141233472	-0.89
chr2	147772171	147772500	-0.89
chr2	148562534	148562974	-0.89
chr2	154701001	154701496	-0.89
chr2	161362101	161362956	-0.89
chr5	181563070	181563492	-0.89
chr5	187579001	187579499	-0.89
chr7	19829602	19830473	-0.89
chr7	179475088	179475453	-0.89
chr1	71333003	71333422	-0.88
chr1	85393513	85393926	-0.88
chr1	93741536	93742497	-0.88
chr1	100171501	100172990	-0.88
chr1	107221739	107222493	-0.88
chr1	109940007	109940413	-0.88
chr1	159704001	159704947	-0.88
chr10	14159036	14160000	-0.88
chr10	19602020	19602488	-0.88
chr10	58744501	58744979	-0.88
chr10	66205001	66205409	-0.88
chr10	72473033	72473476	-0.88
chr10	76133003	76133469	-0.88
chr10	81464016	81465988	-0.88
chr10	85875020	85875445	-0.88
chr10	93940006	93940981	-0.88
chr10	96021001	96021918	-0.88
chr10	99919008	99919487	-0.88
chr10	107935535	107935992	-0.88
chr10	114663119	114663457	-0.88
chr10	125387008	125387499	-0.88
chr2	14039040	14039469	-0.88
chr2	59834013	59834497	-0.88
chr2	75051003	75051441	-0.88
chr2	84983007	84983923	-0.88
chr2	99875045	99875954	-0.88
chr2	109810508	109810975	-0.88
chr2	113979021	113979999	-0.88
chr2	114396506	114396997	-0.88
chr2	114899540	114900493	-0.88
chr2	123132501	123133375	-0.88
chr2	149437007	149437500	-0.88
chr2	150349160	150350376	-0.88
chr2	159230513	159230996	-0.88
chr2	168501070	168501498	-0.88
chr2	177640506	177640911	-0.88
chr2	179166082	179166490	-0.88
chr2	240874151	240874500	-0.88
chr2	242908071	242908962	-0.88
chr3	162853036	162853990	-0.88
chr5	2543010	2543368	-0.88
chr5	2671085	2671401	-0.88
chr5	193888006	193888491	-0.88
chr7	15995502	15996000	-0.88
chr7	181123024	181123430	-0.88
chr8	91854035	91854500	-0.88
chr1	72880516	72880969	-0.87
chr1	73454634	73455000	-0.87
chr1	92967002	92967389	-0.87
chr1	110191529	110192479	-0.87
chr1	113270011	113270487	-0.87
chr1	124497503	124498497	-0.87
chr1	149124509	149124968	-0.87
chr1	159637012	159638000	-0.87
chr1	176154045	176154421	-0.87
chr1	218696502	218696912	-0.87
chr1	222021504	222022399	-0.87
chr10	11884037	11884988	-0.87
chr10	15382006	15382469	-0.87
chr10	15395027	15395453	-0.87
chr10	35029505	35030000	-0.87
chr10	48102002	48102496	-0.87
chr10	51235017	51235394	-0.87
chr10	51318050	51318497	-0.87
chr10	51537538	51538488	-0.87
chr10	55571509	55571999	-0.87
chr10	73628692	73629845	-0.87
chr10	73919517	73920487	-0.87
chr10	99569519	99569994	-0.87
chr10	116047501	116048492	-0.87
chr10	133789115	133789500	-0.87
chr2	16070512	16070997	-0.87
chr2	18468566	18468887	-0.87
chr2	26000504	26000988	-0.87
chr2	33111018	33111482	-0.87
chr2	57292050	57292408	-0.87
chr2	57603206	57603988	-0.87
chr2	69808133	69808989	-0.87
chr2	99680504	99680997	-0.87
chr2	110640540	110641984	-0.87
chr2	113821013	113821487	-0.87
chr2	122415760	122416444	-0.87
chr2	128971600	128972497	-0.87
chr2	156040058	156040395	-0.87
chr2	156702514	156702985	-0.87
chr2	169676540	169676999	-0.87
chr2	172225514	172226939	-0.87
chr2	172640513	172640995	-0.87
chr2	177216510	177216999	-0.87
chr4	234782005	234782500	-0.87
chr6	165887029	165887497	-0.87
chr7	15915072	15915429	-0.87
chr7	16044501	16044969	-0.87
chr7	181506633	181506954	-0.87
chr1	112720511	112721491	-0.86
chr1	117533246	117533997	-0.86
chr1	117781006	117781483	-0.86
chr1	150128587	150128928	-0.86
chr1	157350114	157351000	-0.86
chr1	160088536	160091492	-0.86
chr1	163695520	163695965	-0.86
chr1	166067501	166067988	-0.86
chr1	190074054	190074999	-0.86
chr1	207472508	207473411	-0.86
chr10	22053058	22053495	-0.86
chr10	22238043	22238309	-0.86
chr10	28477033	28477495	-0.86
chr10	30959741	30960407	-0.86
chr10	35078017	35078464	-0.86
chr10	39793507	39794491	-0.86
chr10	45548720	45548993	-0.86
chr10	79576011	79576499	-0.86
chr10	92911539	92913000	-0.86
chr10	103227516	103228484	-0.86
chr10	103646032	103647176	-0.86
chr10	111791064	111791497	-0.86
chr10	122294505	122295486	-0.86
chr10	129471046	129471701	-0.86
chr10	131399518	131399997	-0.86
chr10	136021510	136021989	-0.86
chr2	9799041	9800500	-0.86
chr2	10971504	10972451	-0.86
chr2	11132111	11132947	-0.86
chr2	11556005	11556447	-0.86
chr2	12563565	12563998	-0.86
chr2	29362522	29362948	-0.86
chr2	37326580	37327499	-0.86
chr2	48660511	48660984	-0.86
chr2	69810012	69810346	-0.86
chr2	78357530	78357901	-0.86
chr2	94675501	94676369	-0.86
chr2	98555004	98555500	-0.86
chr2	122785001	122785992	-0.86
chr2	124183501	124183986	-0.86
chr2	156420519	156420925	-0.86
chr2	172156095	172156413	-0.86
chr5	1178143	1178454	-0.86
chr5	2012558	2012907	-0.86
chr5	194294503	194294991	-0.86
chr5	198050502	198050997	-0.86
chr6	163758007	163758457	-0.86
chr7	13070501	13070998	-0.86
chr7	18122660	18122998	-0.86
chr7	18371061	18371404	-0.86
chr7	24194522	24195000	-0.86
chr7	67765512	67766000	-0.86
chr1	71413092	71413412	-0.85
chr1	73480033	73480480	-0.85
chr1	93276501	93277486	-0.85
chr1	118270527	118270990	-0.85
chr1	118454132	118454482	-0.85
chr1	146969004	146969996	-0.85
chr1	148442504	148444000	-0.85
chr1	150626012	150626499	-0.85
chr1	157113501	157114997	-0.85
chr1	164778009	164778390	-0.85
chr1	201466501	201466996	-0.85
chr1	205674026	205675441	-0.85
chr10	11664040	11664456	-0.85
chr10	41200528	41201000	-0.85
chr10	42017505	42017983	-0.85
chr10	45578042	45578996	-0.85
chr10	56674696	56674991	-0.85
chr10	67891022	67891491	-0.85
chr10	68353589	68354998	-0.85
chr10	79997034	79997492	-0.85
chr10	113704515	113705457	-0.85
chr10	117396016	117396494	-0.85
chr10	119216583	119216993	-0.85
chr10	120198006	120198478	-0.85
chr10	138051506	138051922	-0.85
chr10	140510136	140510498	-0.85
chr2	48650606	48652433	-0.85
chr2	59835006	59835977	-0.85
chr2	61473513	61475000	-0.85
chr2	106839037	106839494	-0.85
chr2	120675242	120675439	-0.85
chr2	128126221	128126457	-0.85
chr2	147109004	147109500	-0.85
chr2	176390050	176390991	-0.85
chr2	241288185	241289000	-0.85
chr5	180477522	180477949	-0.85
chr5	213691553	213691920	-0.85
chr6	162754503	162755252	-0.85
chr7	11812001	11812983	-0.85
chr8	78414027	78414996	-0.85
chr1	86133538	86134280	-0.84
chr1	88243572	88244899	-0.84
chr1	96114007	96115236	-0.84
chr1	115310532	115311500	-0.84
chr1	127254314	127256500	-0.84
chr1	129362504	129362990	-0.84
chr1	155230032	155230500	-0.84
chr1	163590005	163590481	-0.84
chr1	167713001	167713465	-0.84
chr1	170292008	170292491	-0.84
chr1	170430025	170431422	-0.84
chr1	201355515	201355859	-0.84
chr1	204391503	204391961	-0.84
chr10	23659525	23659981	-0.84
chr10	34764022	34764495	-0.84
chr10	38420501	38420943	-0.84
chr10	38460575	38460993	-0.84
chr10	40762055	40762485	-0.84
chr10	44051001	44052474	-0.84
chr10	46062145	46063448	-0.84
chr10	52237017	52237716	-0.84
chr10	66113038	66113496	-0.84
chr10	96662504	96662985	-0.84
chr10	123460019	123460408	-0.84
chr2	14464071	14464307	-0.84
chr2	29172503	29172895	-0.84
chr2	30705384	30705467	-0.84
chr2	49071546	49071895	-0.84
chr2	57702628	57703903	-0.84
chr2	58055501	58056487	-0.84
chr2	65200642	65200995	-0.84
chr2	70185556	70186460	-0.84
chr2	71836059	71836971	-0.84
chr2	99190522	99190980	-0.84
chr2	105679501	105679983	-0.84
chr2	106387243	106387484	-0.84
chr2	111233507	111234449	-0.84
chr2	128052012	128052949	-0.84
chr2	133842503	133843494	-0.84
chr2	134103007	134103999	-0.84
chr2	147118004	147118462	-0.84
chr2	160678726	160678989	-0.84
chr2	172214509	172215488	-0.84
chr3	163978072	163978492	-0.84
chr4	231020010	231020993	-0.84
chr5	181430616	181430997	-0.84
chr5	191222535	191222981	-0.84
chr7	16042503	16043974	-0.84
chr7	16073543	16074500	-0.84
chr7	18620048	18620450	-0.84
chr7	25774501	25774998	-0.84
chr8	93881536	93882491	-0.84
chr1	89014522	89014998	-0.83
chr1	96474521	96474981	-0.83
chr1	116757009	116757268	-0.83
chr1	140267576	140268954	-0.83
chr1	142829508	142830890	-0.83
chr1	143486515	143486999	-0.83
chr1	213750524	213751494	-0.83
chr10	15729116	15729495	-0.83
chr10	19266528	19267476	-0.83
chr10	24752079	24752494	-0.83
chr10	52172026	52173000	-0.83
chr10	56516555	56517834	-0.83
chr10	62094003	62094485	-0.83
chr10	65901502	65901999	-0.83
chr10	82955501	82955996	-0.83
chr10	83370701	83370993	-0.83
chr10	98125074	98125489	-0.83
chr10	101684156	101684994	-0.83
chr10	114460555	114460995	-0.83
chr2	12838008	12838494	-0.83
chr2	73281658	73281985	-0.83
chr2	79636007	79636485	-0.83
chr2	86116008	86116499	-0.83
chr2	98564531	98564958	-0.83
chr2	99203004	99203466	-0.83
chr2	104971523	104972490	-0.83
chr2	105553061	105553490	-0.83
chr2	106916503	106917358	-0.83
chr2	109311570	109311992	-0.83
chr2	111806032	111807156	-0.83
chr2	112681501	112682623	-0.83
chr2	117905010	117905482	-0.83
chr2	138391100	138391498	-0.83
chr2	141231650	141232443	-0.83
chr2	147433530	147433996	-0.83
chr2	160729703	160730464	-0.83
chr2	164566055	164566497	-0.83
chr2	173764213	173764450	-0.83
chr2	175327114	175327494	-0.83
chr2	243310527	243312375	-0.83
chr3	161626541	161626957	-0.83
chr3	167273015	167273489	-0.83
chr5	2274573	2275481	-0.83
chr7	9883014	9883340	-0.83
chr7	16071619	16071968	-0.83
chr7	18840021	18841491	-0.83
chr8	77927001	77927469	-0.83
chr8	79677083	79677458	-0.83
chr8	88275506	88276464	-0.83
chr1	88481624	88481928	-0.82
chr1	100057242	100057971	-0.82
chr1	105699023	105699478	-0.82
chr1	124798016	124798456	-0.82
chr1	126736041	126736499	-0.82
chr1	149520600	149520926	-0.82
chr1	149546505	149547000	-0.82
chr1	164972547	164972992	-0.82
chr1	170681055	170681495	-0.82
chr1	197057012	197057449	-0.82
chr1	204392504	204392947	-0.82
chr1	206078554	206078961	-0.82
chr10	10494520	10494954	-0.82
chr10	14677533	14677777	-0.82
chr10	16067503	16067995	-0.82
chr10	19382510	19382982	-0.82
chr10	24950005	24950910	-0.82
chr10	34102003	34102281	-0.82
chr10	36793006	36793496	-0.82
chr10	53306504	53307000	-0.82
chr10	53542512	53543492	-0.82
chr10	130023524	130023991	-0.82
chr2	13433517	13433962	-0.82
chr2	18625042	18625482	-0.82
chr2	49075532	49075961	-0.82
chr2	79994002	79994488	-0.82
chr2	80113002	80113992	-0.82
chr2	88942523	88942987	-0.82
chr2	94282520	94283496	-0.82
chr2	97296543	97296982	-0.82
chr2	117703665	117704997	-0.82
chr2	145131004	145131432	-0.82
chr2	167831020	167832468	-0.82
chr2	169726508	169728000	-0.82
chr2	177364029	177365387	-0.82
chr3	156233502	156234787	-0.82
chr3	156351530	156352221	-0.82
chr5	166528543	166528922	-0.82
chr5	189097519	189097953	-0.82
chr5	191240019	191240443	-0.82
chr5	197529515	197529965	-0.82
chr5	215005007	215005840	-0.82
chr7	18167574	18167974	-0.82
chr7	28129054	28129933	-0.82
chr1	102354503	102354944	-0.81
chr1	114475512	114475963	-0.81
chr1	115098515	115099498	-0.81
chr1	115312106	115312963	-0.81
chr1	143508636	143509496	-0.81
chr1	151634523	151635494	-0.81
chr1	165170074	165170484	-0.81
chr1	198649018	198649435	-0.81
chr1	199802508	199803330	-0.81
chr1	200427009	200427467	-0.81
chr1	204744506	204744791	-0.81
chr1	204947533	204947988	-0.81
chr10	14720073	14720493	-0.81
chr10	21377002	21377984	-0.81
chr10	32398001	32398986	-0.81
chr10	36509013	36509997	-0.81
chr10	41240501	41241482	-0.81
chr10	53013567	53014954	-0.81
chr10	54800021	54800950	-0.81
chr10	87316160	87316367	-0.81
chr10	88740512	88740973	-0.81
chr10	100073060	100073441	-0.81
chr10	135745116	135745439	-0.81
chr2	11651656	11652377	-0.81
chr2	13309521	13309989	-0.81
chr2	33154075	33154409	-0.81
chr2	71161001	71161449	-0.81
chr2	71579001	71579462	-0.81
chr2	76068037	76068994	-0.81
chr2	87863015	87863492	-0.81
chr2	106199636	106199963	-0.81
chr2	122967004	122967975	-0.81
chr2	132542123	132543000	-0.81
chr2	142691209	142691997	-0.81
chr2	149588056	149588472	-0.81
chr2	170241001	170241977	-0.81
chr2	171243506	171243838	-0.81
chr2	174639141	174639500	-0.81
chr2	183136028	183136435	-0.81
chr3	161957557	161958490	-0.81
chr5	975508	976499	-0.81
chr5	194446558	194446963	-0.81
chr5	217124664	217124995	-0.81
chr6	160495063	160495485	-0.81
chr7	7082525	7082993	-0.81
chr7	18646526	18646996	-0.81
chr7	21637501	21637993	-0.81
chr7	180080008	180080463	-0.81
chr1	69513003	69513500	-0.8
chr1	89486004	89486472	-0.8
chr1	117984018	117984985	-0.8
chr1	131396501	131397493	-0.8
chr1	149110016	149110979	-0.8
chr1	150276014	150276481	-0.8
chr1	163435504	163435910	-0.8
chr1	168006006	168006352	-0.8
chr1	199189033	199189987	-0.8
chr1	205456035	205457000	-0.8
chr1	208201536	208202486	-0.8
chr1	210150016	210150919	-0.8
chr1	216212513	216212983	-0.8
chr1	295712516	295713000	-0.8
chr10	11676065	11676933	-0.8
chr10	12423051	12423940	-0.8
chr10	23997004	23997484	-0.8
chr10	31504002	31504960	-0.8
chr10	51688518	51688999	-0.8
chr10	54268016	54269386	-0.8
chr10	63210504	63211933	-0.8
chr10	72765502	72765988	-0.8
chr10	82550080	82550950	-0.8
chr10	102405022	102406495	-0.8
chr10	114744512	114744965	-0.8
chr10	115499501	115499979	-0.8
chr10	119735507	119736456	-0.8
chr10	136314008	136314469	-0.8
chr10	137085124	137085497	-0.8
chr10	139364503	139364960	-0.8
chr2	11428507	11428998	-0.8
chr2	25972501	25973983	-0.8
chr2	43903511	43904285	-0.8
chr2	44831113	44831479	-0.8
chr2	47850031	47850493	-0.8
chr2	49521575	49521964	-0.8
chr2	51341019	51341490	-0.8
chr2	58569059	58569391	-0.8
chr2	70162012	70162486	-0.8
chr2	79716503	79716985	-0.8
chr2	80244756	80245474	-0.8
chr2	103293109	103293500	-0.8
chr2	123265501	123265989	-0.8
chr2	139519504	139520000	-0.8
chr2	141982635	141983867	-0.8
chr2	148253521	148253926	-0.8
chr2	167217149	167217472	-0.8
chr2	171256093	171256471	-0.8
chr2	176373538	176375991	-0.8
chr2	177661062	177661425	-0.8
chr2	182777042	182777456	-0.8
chr3	154796034	154796497	-0.8
chr3	175084507	175084992	-0.8
chr5	179233534	179233973	-0.8
chr5	187814020	187814284	-0.8
chr5	201914072	201914494	-0.8
chr6	164890029	164890450	-0.8
chr7	180899554	180899979	-0.8
chr1	1970096	1970480	-0.79
chr1	84163026	84163482	-0.79
chr1	84304508	84304995	-0.79
chr1	124490026	124490478	-0.79
chr1	142530052	142531450	-0.79
chr1	144171002	144171480	-0.79
chr1	174993039	174993488	-0.79
chr1	194572569	194573379	-0.79
chr1	200866009	200866333	-0.79
chr1	205072738	205073493	-0.79
chr10	19776518	19777000	-0.79
chr10	39809726	39809884	-0.79
chr10	50771633	50772500	-0.79
chr10	81463005	81463499	-0.79
chr10	88244545	88244861	-0.79
chr10	116152502	116152914	-0.79
chr10	123978519	123979491	-0.79
chr10	125790552	125791866	-0.79
chr2	32361507	32361997	-0.79
chr2	42782523	42782979	-0.79
chr2	51540714	51540974	-0.79
chr2	55891015	55891498	-0.79
chr2	59861001	59861489	-0.79
chr2	62809506	62809995	-0.79
chr2	71826657	71826984	-0.79
chr2	87820037	87820946	-0.79
chr2	126281501	126281983	-0.79
chr2	139687008	139687472	-0.79
chr2	144029567	144030437	-0.79
chr2	147400008	147400496	-0.79
chr2	149947012	149947488	-0.79
chr2	162142507	162143498	-0.79
chr2	165857526	165858473	-0.79
chr2	241491504	241491731	-0.79
chr3	164181068	164181500	-0.79
chr3	218800152	218800485	-0.79
chr4	234312188	234312974	-0.79
chr5	194914004	194914500	-0.79
chr7	7997036	7997496	-0.79
chr7	179645548	179646958	-0.79
chr7	181378501	181378942	-0.79
chr1	2483056	2483498	-0.78
chr1	87677506	87678493	-0.78
chr1	100081039	100082452	-0.78
chr1	126300755	126301950	-0.78
chr1	141863015	141863480	-0.78
chr1	152112001	152112434	-0.78
chr1	163717041	163717398	-0.78
chr1	170544099	170544489	-0.78
chr1	201187528	201187933	-0.78
chr1	221943025	221943375	-0.78
chr10	12729001	12729452	-0.78
chr10	40096515	40097000	-0.78
chr10	58015013	58015981	-0.78
chr10	77699567	77700942	-0.78
chr10	79533517	79533994	-0.78
chr10	87299023	87299456	-0.78
chr10	87524002	87524491	-0.78
chr10	99892505	99892972	-0.78
chr10	122504061	122504493	-0.78
chr10	125789050	125789862	-0.78
chr2	12057001	12057480	-0.78
chr2	32826015	32826496	-0.78
chr2	34079512	34079988	-0.78
chr2	37117622	37118500	-0.78
chr2	38673538	38673983	-0.78
chr2	50096049	50096389	-0.78
chr2	67938188	67938494	-0.78
chr2	68853006	68853461	-0.78
chr2	97381501	97381998	-0.78
chr2	100608098	100608988	-0.78
chr2	113005651	113005932	-0.78
chr2	122282562	122283992	-0.78
chr2	130896587	130897424	-0.78
chr2	133908614	133908984	-0.78
chr2	144296501	144296934	-0.78
chr2	168106686	168106963	-0.78
chr2	172773538	172773984	-0.78
chr2	177653504	177653989	-0.78
chr2	205750513	205750877	-0.78
chr5	182919512	182919974	-0.78
chr5	214788035	214788461	-0.78
chr6	160864026	160864414	-0.78
chr6	163366502	163367449	-0.78
chr7	24654011	24654492	-0.78
chr8	85989003	85989893	-0.78
chr8	94888625	94888966	-0.78
chr1	69744567	69744997	-0.77
chr1	104803508	104803994	-0.77
chr1	131211503	131212499	-0.77
chr1	161177511	161177998	-0.77
chr1	170346047	170347267	-0.77
chr1	171197001	171197999	-0.77
chr1	200711015	200711461	-0.77
chr1	202217065	202217498	-0.77
chr1	205039527	205039970	-0.77
chr1	220371696	220371870	-0.77
chr1	291483549	291483924	-0.77
chr10	28572002	28572982	-0.77
chr10	56458503	56458993	-0.77
chr10	98386066	98386474	-0.77
chr10	100506009	100506496	-0.77
chr10	100751501	100751983	-0.77
chr10	104514005	104514477	-0.77
chr10	117740001	117740449	-0.77
chr10	137397008	137397500	-0.77
chr10	139642576	139642973	-0.77
chr2	14416529	14416966	-0.77
chr2	30203002	30203493	-0.77
chr2	44311012	44311468	-0.77
chr2	68763009	68763998	-0.77
chr2	99180007	99180487	-0.77
chr2	114366511	114367000	-0.77
chr2	117536536	117536972	-0.77
chr2	140016009	140016972	-0.77
chr2	146821078	146822487	-0.77
chr2	156610012	156610950	-0.77
chr2	161622542	161622845	-0.77
chr2	168586524	168587489	-0.77
chr2	176570013	176570421	-0.77
chr3	151684007	151684977	-0.77
chr3	158688027	158688996	-0.77
chr5	2405010	2405461	-0.77
chr5	201724062	201724996	-0.77
chr5	205080016	205080917	-0.77
chr5	215545550	215545986	-0.77
chr7	6906501	6907982	-0.77
chr7	179268056	179268972	-0.77
chr8	82157006	82157362	-0.77
chr1	70113125	70113499	-0.76
chr1	72405524	72406485	-0.76
chr1	112780190	112780460	-0.76
chr1	118657005	118657974	-0.76
chr1	160592520	160592995	-0.76
chr1	197420348	197420499	-0.76
chr10	24378007	24378367	-0.76
chr10	53645015	53645977	-0.76
chr10	64470530	64470977	-0.76
chr10	80395080	80395993	-0.76
chr10	103159223	103160379	-0.76
chr10	138932513	138932970	-0.76
chr2	12413537	12415000	-0.76
chr2	46063005	46063482	-0.76
chr2	49528036	49528486	-0.76
chr2	50623019	50623494	-0.76
chr2	56864025	56864496	-0.76
chr2	92082201	92082500	-0.76
chr2	98247013	98247497	-0.76
chr2	125611513	125612484	-0.76
chr2	126589047	126590303	-0.76
chr2	162755610	162756500	-0.76
chr2	163238501	163238972	-0.76
chr2	179829133	179829373	-0.76
chr3	150919609	150919986	-0.76
chr3	151091501	151092396	-0.76
chr3	164675523	164675965	-0.76
chr4	234329057	234329457	-0.76
chr5	3461008	3461469	-0.76
chr7	8134016	8134482	-0.76
chr7	25586003	25587000	-0.76
chr8	80556509	80557961	-0.76
chr1	71290002	71290471	-0.75
chr1	74378090	74378500	-0.75
chr1	104110559	104110975	-0.75
chr1	161667597	161668478	-0.75
chr1	171510272	171511490	-0.75
chr1	194128011	194128478	-0.75
chr10	19601052	19601497	-0.75
chr10	23687044	23687497	-0.75
chr10	40132534	40133483	-0.75
chr10	44606021	44606985	-0.75
chr10	62120519	62120998	-0.75
chr10	76090544	76090967	-0.75
chr10	78193754	78194987	-0.75
chr10	87092510	87092991	-0.75
chr10	99571002	99571437	-0.75
chr10	117298526	117298980	-0.75
chr10	128568105	128568404	-0.75
chr2	10211512	10211964	-0.75
chr2	20638609	20638977	-0.75
chr2	23521005	23521481	-0.75
chr2	33996501	33996794	-0.75
chr2	41795539	41795925	-0.75
chr2	48839597	48839962	-0.75
chr2	75563534	75563965	-0.75
chr2	151651507	151651999	-0.75
chr2	161852005	161852377	-0.75
chr2	170604523	170604969	-0.75
chr2	171271516	171272488	-0.75
chr3	159503521	159504475	-0.75
chr3	160426039	160426483	-0.75
chr3	160556077	160556427	-0.75
chr3	164105513	164105870	-0.75
chr7	6909007	6909267	-0.75
chr7	18582003	18582967	-0.75
chr7	22987105	22987997	-0.75
chr1	1852026	1853000	-0.74
chr1	19945031	19945471	-0.74
chr1	114825507	114826500	-0.74
chr1	125391701	125392941	-0.74
chr1	126161593	126162919	-0.74
chr1	192969525	192970417	-0.74
chr1	204608003	204609494	-0.74
chr1	217384514	217385498	-0.74
chr10	25079001	25079497	-0.74
chr10	44031033	44031498	-0.74
chr10	70029021	70029497	-0.74
chr10	126286003	126286483	-0.74
chr10	139607017	139607848	-0.74
chr10	140116015	140116483	-0.74
chr2	12761114	12761446	-0.74
chr2	25582024	25582433	-0.74
chr2	28066515	28066968	-0.74
chr2	29275001	29275500	-0.74
chr2	45561009	45561409	-0.74
chr2	56945543	56945945	-0.74
chr2	63627506	63627984	-0.74
chr2	100038514	100038958	-0.74
chr2	149937543	149937972	-0.74
chr2	154107015	154107298	-0.74
chr4	235754020	235754457	-0.74
chr5	3402547	3402931	-0.74
chr5	178454501	178454998	-0.74
chr5	183954570	183954916	-0.74
chr5	191729609	191731471	-0.74
chr5	215657574	215658970	-0.74
chr6	164907510	164908000	-0.74
chr7	11056509	11056977	-0.74
chr7	18102015	18102495	-0.74
chr7	24064044	24064462	-0.74
chr8	83442576	83442998	-0.74
chr8	88438509	88439493	-0.74
chr8	148850036	148850486	-0.74
chr1	84229605	84229903	-0.73
chr1	129247007	129247497	-0.73
chr1	151625528	151625978	-0.73
chr1	160126507	160127419	-0.73
chr1	221554501	221554991	-0.73
chr10	15582077	15583469	-0.73
chr10	38286009	38286496	-0.73
chr10	54682070	54682967	-0.73
chr10	56629044	56629982	-0.73
chr10	82095042	82095494	-0.73
chr10	95932141	95932484	-0.73
chr10	100101038	100101982	-0.73
chr10	113458003	113458883	-0.73
chr10	132283021	132283988	-0.73
chr2	11643052	11643414	-0.73
chr2	20919001	20919484	-0.73
chr2	66536634	66536993	-0.73
chr2	74416021	74416498	-0.73
chr2	76694526	76695996	-0.73
chr2	108275011	108275485	-0.73
chr2	129946043	129946500	-0.73
chr2	146018016	146018496	-0.73
chr2	151607140	151607936	-0.73
chr2	169200725	169201500	-0.73
chr2	177691019	177691988	-0.73
chr2	181822503	181823492	-0.73
chr3	153852029	153852940	-0.73
chr3	161005581	161005948	-0.73
chr3	168085669	168086407	-0.73
chr4	231260024	231260490	-0.73
chr4	233130026	233130442	-0.73
chr5	218237589	218237972	-0.73
chr7	7369502	7369988	-0.73
chr7	13888522	13888995	-0.73
chr7	17564007	17564967	-0.73
chr7	18230566	18230966	-0.73
chr7	18508036	18508434	-0.73
chr7	22313515	22314491	-0.73
chr8	78101538	78101891	-0.73
chr8	83647013	83647499	-0.73
chr8	168619769	168619971	-0.73
chr1	86355005	86355454	-0.72
chr1	96041050	96041471	-0.72
chr1	96485522	96485964	-0.72
chr1	165377556	165378498	-0.72
chr1	168390060	168390490	-0.72
chr1	221253009	221253999	-0.72
chr10	77501501	77501973	-0.72
chr10	118812505	118812964	-0.72
chr2	16303501	16303985	-0.72
chr2	43290039	43290211	-0.72
chr2	43871501	43871981	-0.72
chr2	63951502	63952485	-0.72
chr2	78364578	78364995	-0.72
chr2	107155031	107155499	-0.72
chr2	115354023	115354479	-0.72
chr2	116644507	116644959	-0.72
chr2	124454035	124454952	-0.72
chr2	143853524	143854482	-0.72
chr2	147536552	147536962	-0.72
chr2	162980131	162980943	-0.72
chr2	175016655	175016986	-0.72
chr3	228958045	228958487	-0.72
chr4	31975069	31975497	-0.72
chr4	177542646	177542965	-0.72
chr4	232993522	232993902	-0.72
chr4	238098004	238098439	-0.72
chr5	2839503	2839988	-0.72
chr6	163795066	163795500	-0.72
chr7	15034517	15034953	-0.72
chr7	24813578	24813935	-0.72
chr8	87442018	87442411	-0.72
chr8	88817013	88817492	-0.72
chr1	38585509	38585974	-0.71
chr1	102940522	102941915	-0.71
chr1	110110077	110111995	-0.71
chr1	125484620	125485483	-0.71
chr1	126116507	126116996	-0.71
chr1	166128048	166128417	-0.71
chr1	199018511	199018977	-0.71
chr10	30428059	30428965	-0.71
chr10	107284016	107284430	-0.71
chr10	118813519	118813881	-0.71
chr10	140684573	140684979	-0.71
chr2	9790036	9790966	-0.71
chr2	11164510	11165439	-0.71
chr2	19254501	19254935	-0.71
chr2	29043025	29043925	-0.71
chr2	33325501	33325998	-0.71
chr2	41695201	41695473	-0.71
chr2	83531536	83531944	-0.71
chr2	141971046	141971359	-0.71
chr2	148275003	148275406	-0.71
chr2	156607008	156608493	-0.71
chr2	167646043	167646459	-0.71
chr2	169622058	169622498	-0.71
chr3	159601004	159601445	-0.71
chr3	161216015	161216481	-0.71
chr4	231198032	231198992	-0.71
chr5	1368505	1368822	-0.71
chr5	183332506	183333431	-0.71
chr5	216922013	216922489	-0.71
chr7	24330509	24330995	-0.71
chr8	8731501	8731909	-0.71
chr8	88480018	88480456	-0.71
chr1	74638017	74638444	-0.7
chr1	95209057	95209434	-0.7
chr1	138659507	138659927	-0.7
chr1	141861502	141862495	-0.7
chr1	163304527	163304998	-0.7
chr1	165079554	165079923	-0.7
chr1	219636526	219636989	-0.7
chr10	14650509	14650993	-0.7
chr10	15581024	15581492	-0.7
chr10	24121107	24121905	-0.7
chr10	81352035	81352453	-0.7
chr10	85594507	85594939	-0.7
chr10	112661508	112662422	-0.7
chr10	132465525	132465992	-0.7
chr10	133429505	133429986	-0.7
chr10	135488515	135488903	-0.7
chr2	16315040	16315481	-0.7
chr2	18570161	18570482	-0.7
chr2	26036084	26036373	-0.7
chr2	30297573	30298924	-0.7
chr2	30765557	30765869	-0.7
chr2	39580515	39580750	-0.7
chr2	57917606	57917973	-0.7
chr2	62224020	62224492	-0.7
chr2	105352023	105352212	-0.7
chr2	117906004	117906423	-0.7
chr2	131298534	131298924	-0.7
chr2	162059047	162059446	-0.7
chr3	150621517	150622500	-0.7
chr3	153856065	153856997	-0.7
chr4	1310076	1310353	-0.7
chr5	183211531	183211945	-0.7
chr5	187783005	187783919	-0.7
chr5	194083001	194083500	-0.7
chr6	159865038	159865487	-0.7
chr8	84044017	84044435	-0.7
chr1	125808008	125808499	-0.69
chr1	167085506	167085986	-0.69
chr1	192287511	192287973	-0.69
chr1	210131009	210131973	-0.69
chr1	212719063	212719464	-0.69
chr10	13984503	13984903	-0.69
chr10	80086514	80086998	-0.69
chr10	84569539	84570496	-0.69
chr10	95449501	95449948	-0.69
chr10	114695506	114695907	-0.69
chr10	121362001	121362410	-0.69
chr10	121570501	121570990	-0.69
chr10	136754613	136755499	-0.69
chr2	16067554	16068967	-0.69
chr2	24772095	24772487	-0.69
chr2	25971531	25971994	-0.69
chr2	26845008	26845450	-0.69
chr2	37080531	37080989	-0.69
chr2	52541508	52541982	-0.69
chr2	141040583	141040931	-0.69
chr2	168728001	168728471	-0.69
chr2	169840534	169840982	-0.69
chr2	171331560	171331934	-0.69
chr2	172223011	172223433	-0.69
chr2	181816044	181816456	-0.69
chr3	155496530	155496969	-0.69
chr3	156982513	156983000	-0.69
chr3	162854510	162855411	-0.69
chr5	189796011	189796500	-0.69
chr5	195639017	195639483	-0.69
chr5	202968573	202968971	-0.69
chr5	213937516	213937960	-0.69
chr6	163896001	163896490	-0.69
chr7	6874501	6874999	-0.69
chr7	7473019	7473465	-0.69
chr7	21231523	21231991	-0.69
chr8	20363062	20363490	-0.69
chr1	143511001	143511440	-0.68
chr1	190289517	190290453	-0.68
chr1	199857053	199857436	-0.68
chr1	205452090	205452986	-0.68
chr1	205857002	205857481	-0.68
chr1	206649509	206649928	-0.68
chr10	15877016	15878469	-0.68
chr10	40095568	40095978	-0.68
chr10	45724537	45724994	-0.68
chr10	78968504	78969892	-0.68
chr10	90659011	90659479	-0.68
chr10	110950509	110950983	-0.68
chr10	119107536	119107996	-0.68
chr10	120992065	120992495	-0.68
chr10	121343022	121343491	-0.68
chr2	11550513	11550993	-0.68
chr2	26147026	26147480	-0.68
chr2	33775009	33775996	-0.68
chr2	34450011	34450474	-0.68
chr2	57805512	57805863	-0.68
chr2	70113013	70113475	-0.68
chr2	75674646	75674969	-0.68
chr2	85355505	85355924	-0.68
chr2	110308585	110308989	-0.68
chr2	134138517	134138995	-0.68
chr2	143410547	143411372	-0.68
chr2	146308538	146309495	-0.68
chr5	180385001	180385497	-0.68
chr5	190467006	190468371	-0.68
chr5	204752004	204752467	-0.68
chr6	116910506	116910969	-0.68
chr7	8480511	8480994	-0.68
chr7	13259531	13260499	-0.68
chr7	22209017	22209445	-0.68
chr7	25494008	25494494	-0.68
chr8	83733008	83733947	-0.68
chr1	71412037	71412380	-0.67
chr1	164776574	164776937	-0.67
chr1	190050023	190050957	-0.67
chr1	209627571	209627995	-0.67
chr10	24491501	24491974	-0.67
chr10	34447022	34447451	-0.67
chr10	61676072	61676498	-0.67
chr10	84952018	84952464	-0.67
chr10	119969542	119969972	-0.67
chr2	45289008	45289447	-0.67
chr2	57675008	57675824	-0.67
chr2	94908516	94908986	-0.67
chr2	105807018	105807487	-0.67
chr2	114562616	114562977	-0.67
chr2	120562030	120562993	-0.67
chr2	141637517	141637892	-0.67
chr2	146144002	146144443	-0.67
chr2	147938008	147938961	-0.67
chr3	152137050	152137495	-0.67
chr3	158324077	158324970	-0.67
chr3	234670556	234670954	-0.67
chr4	200568055	200568362	-0.67
chr4	233621014	233621324	-0.67
chr4	242115120	242115467	-0.67
chr5	179025540	179026000	-0.67
chr5	190994070	190994458	-0.67
chr5	196012560	196012993	-0.67
chr5	213853515	213853983	-0.67
chr7	8036007	8036381	-0.67
chr7	17796002	17796467	-0.67
chr7	18124001	18124498	-0.67
chr7	22918547	22918863	-0.67
chr7	181279118	181279461	-0.67
chr1	21887501	21887998	-0.66
chr1	74159017	74159950	-0.66
chr1	112751015	112751426	-0.66
chr1	112818580	112818904	-0.66
chr1	122903032	122903490	-0.66
chr1	146076025	146076483	-0.66
chr1	158271025	158271993	-0.66
chr1	189083528	189083990	-0.66
chr1	198620553	198620983	-0.66
chr1	206280002	206280491	-0.66
chr1	221296005	221296449	-0.66
chr10	28416619	28416996	-0.66
chr10	69436594	69436979	-0.66
chr10	86468076	86468997	-0.66
chr10	97015009	97015475	-0.66
chr10	106109502	106109981	-0.66
chr10	126320536	126320970	-0.66
chr10	134313514	134314997	-0.66
chr2	12759585	12759982	-0.66
chr2	13079609	13079994	-0.66
chr2	13290538	13291495	-0.66
chr2	61229503	61229944	-0.66
chr2	78483031	78483472	-0.66
chr2	81772740	81772927	-0.66
chr2	145562506	145563000	-0.66
chr2	169710021	169710427	-0.66
chr2	172783038	172783500	-0.66
chr2	241585504	241585993	-0.66
chr2	244109505	244109989	-0.66
chr2	244293530	244294482	-0.66
chr3	158422008	158422303	-0.66
chr3	160479019	160479430	-0.66
chr3	167415503	167416470	-0.66
chr5	182114513	182114829	-0.66
chr5	185439503	185440000	-0.66
chr5	194087504	194087820	-0.66
chr5	201697049	201697460	-0.66
chr5	210910018	210910482	-0.66
chr6	166210012	166210467	-0.66
chr7	18339501	18339713	-0.66
chr7	20762010	20762433	-0.66
chr1	72104521	72104958	-0.65
chr1	94483156	94483452	-0.65
chr1	152408533	152408967	-0.65
chr10	24533009	24533453	-0.65
chr10	28391019	28391280	-0.65
chr10	101912571	101912953	-0.65
chr10	119040501	119041000	-0.65
chr10	121361005	121361354	-0.65
chr10	136190035	136190470	-0.65
chr2	10947004	10947498	-0.65
chr2	45424548	45424965	-0.65
chr2	47959013	47959449	-0.65
chr2	85518001	85518495	-0.65
chr2	139515502	139515976	-0.65
chr2	142235546	142235913	-0.65
chr2	171956505	171956995	-0.65
chr2	186346014	186346495	-0.65
chr2	243172060	243172497	-0.65
chr3	155494563	155494999	-0.65
chr3	159136506	159136940	-0.65
chr4	231102634	231103446	-0.65
chr5	182809582	182809993	-0.65
chr5	191725518	191726995	-0.65
chr5	218603555	218603905	-0.65
chr6	128055702	128055965	-0.65
chr6	160171511	160172000	-0.65
chr7	27989011	27989965	-0.65
chr8	77922524	77923492	-0.65
chr8	92870033	92870473	-0.65
chr9	136357511	136357990	-0.65
chr1	89013501	89014000	-0.64
chr1	123056587	123057000	-0.64
chr1	162313025	162313441	-0.64
chr1	203181002	203181491	-0.64
chr10	32147007	32148481	-0.64
chr10	52263567	52263995	-0.64
chr10	79472009	79472500	-0.64
chr10	89889523	89890992	-0.64
chr10	90413004	90413431	-0.64
chr10	98561118	98561463	-0.64
chr10	101405502	101405996	-0.64
chr10	135065504	135065990	-0.64
chr2	13958147	13958484	-0.64
chr2	23488001	23488500	-0.64
chr2	45208055	45208463	-0.64
chr2	56805034	56805492	-0.64
chr2	59853006	59853496	-0.64
chr2	107989027	107989448	-0.64
chr2	133521002	133521497	-0.64
chr2	153456512	153457000	-0.64
chr2	180555508	180556000	-0.64
chr4	184810547	184810997	-0.64
chr5	12003	12913	-0.64
chr5	180057015	180057490	-0.64
chr5	182750061	182750498	-0.64
chr6	165839630	165840488	-0.64
chr7	7107031	7107482	-0.64
chr7	10794501	10794997	-0.64
chr7	178129028	178129488	-0.64
chr7	181269002	181269491	-0.64
chr8	133483505	133483999	-0.64
chr1	71983060	71983494	-0.63
chr1	86131011	86131482	-0.63
chr1	95998027	95998494	-0.63
chr1	149112001	149112975	-0.63
chr1	150034512	150035485	-0.63
chr1	150293073	150293482	-0.63
chr1	162835546	162835872	-0.63
chr1	166349508	166350485	-0.63
chr1	167317602	167317964	-0.63
chr1	197847066	197847389	-0.63
chr1	198887517	198887991	-0.63
chr1	209148501	209148948	-0.63
chr1	259182599	259182940	-0.63
chr10	32566123	32566485	-0.63
chr10	73135063	73135489	-0.63
chr10	99920070	99920390	-0.63
chr10	122827040	122827473	-0.63
chr10	124410517	124410987	-0.63
chr10	127705012	127705441	-0.63
chr10	131912629	131912969	-0.63
chr2	24416009	24416451	-0.63
chr2	38756502	38756964	-0.63
chr2	49654574	49655000	-0.63
chr2	52841006	52841492	-0.63
chr2	53015527	53015992	-0.63
chr2	65161036	65161495	-0.63
chr2	101179015	101179500	-0.63
chr2	105851565	105852000	-0.63
chr2	119284001	119284471	-0.63
chr2	243890112	243890499	-0.63
chr3	152614524	152614998	-0.63
chr5	180575507	180576000	-0.63
chr5	197812083	197812453	-0.63
chr5	198606562	198606800	-0.63
chr5	198863594	198863899	-0.63
chr5	215565007	215565421	-0.63
chr5	216124009	216124480	-0.63
chr6	164168554	164168958	-0.63
chr7	20115501	20115964	-0.63
chr7	21367505	21369497	-0.63
chr7	177410593	177410967	-0.63
chr7	180313539	180313945	-0.63
chr8	83603530	83604500	-0.63
chr1	68249058	68249413	-0.62
chr1	86007002	86007453	-0.62
chr1	95813613	95814495	-0.62
chr1	129040504	129041000	-0.62
chr1	190228005	190228495	-0.62
chr1	192988001	192988500	-0.62
chr1	195400585	195400938	-0.62
chr1	198455526	198455945	-0.62
chr1	206093009	206093966	-0.62
chr1	237433501	237433998	-0.62
chr10	48259530	48259945	-0.62
chr10	80771025	80771489	-0.62
chr2	17745008	17745463	-0.62
chr2	20405013	20405476	-0.62
chr2	24297018	24297738	-0.62
chr2	61366516	61366995	-0.62
chr2	69681016	69681473	-0.62
chr2	112697030	112697469	-0.62
chr2	122545551	122545631	-0.62
chr2	134439008	134439492	-0.62
chr2	162954041	162954499	-0.62
chr2	177659504	177659977	-0.62
chr6	98288651	98288916	-0.62
chr6	161161546	161162000	-0.62
chr6	163536053	163536463	-0.62
chr6	163543504	163543966	-0.62
chr7	179744071	179744497	-0.62
chr8	16733656	16733972	-0.62
chr8	77940006	77940495	-0.62
chr1	2232507	2233000	-0.61
chr1	86743548	86743962	-0.61
chr1	109941510	109942000	-0.61
chr1	124003528	124003996	-0.61
chr1	146010508	146010991	-0.61
chr1	159717092	159717409	-0.61
chr10	15096541	15096973	-0.61
chr10	49066045	49066998	-0.61
chr10	76840043	76840395	-0.61
chr10	80135014	80135490	-0.61
chr10	121006501	121006988	-0.61
chr10	124382512	124383464	-0.61
chr10	131792023	131792500	-0.61
chr10	135013001	135013318	-0.61
chr2	16958012	16958455	-0.61
chr2	22114002	22114460	-0.61
chr2	36298530	36298991	-0.61
chr2	50715514	50715926	-0.61
chr2	60649501	60649991	-0.61
chr2	79795501	79795894	-0.61
chr2	111528020	111528349	-0.61
chr2	117280572	117280993	-0.61
chr2	119629005	119629491	-0.61
chr2	162193621	162193955	-0.61
chr2	169660001	169660991	-0.61
chr3	58314068	58314485	-0.61
chr3	149850024	149850479	-0.61
chr3	153654025	153654487	-0.61
chr3	162170001	162170494	-0.61
chr4	129032024	129032499	-0.61
chr4	233334085	233334441	-0.61
chr5	1864506	1864978	-0.61
chr5	2005070	2006000	-0.61
chr5	54368091	54368476	-0.61
chr5	185288503	185288837	-0.61
chr5	196431072	196431358	-0.61
chr6	147424539	147424842	-0.61
chr7	22361570	22361968	-0.61
chr7	24213001	24213469	-0.61
chr7	177898522	177899477	-0.61
chr8	88821501	88821774	-0.61
chr9	107146219	107146499	-0.61
chr9	119283025	119283489	-0.61
chr1	83226038	83226472	-0.6
chr1	103069507	103069990	-0.6
chr1	104761189	104761470	-0.6
chr1	192965052	192965947	-0.6
chr1	206660006	206660412	-0.6
chr1	221840006	221840500	-0.6
chr10	62087679	62087950	-0.6
chr10	69422009	69422461	-0.6
chr10	77077522	77077987	-0.6
chr10	98144001	98144459	-0.6
chr10	133614017	133614496	-0.6
chr2	11654010	11654483	-0.6
chr2	47869132	47869471	-0.6
chr2	51546117	51546462	-0.6
chr2	80379506	80380000	-0.6
chr2	145963013	145963438	-0.6
chr2	159580159	159580458	-0.6
chr2	168258588	168258947	-0.6
chr2	178203117	178203290	-0.6
chr3	161125006	161125484	-0.6
chr4	23402528	23403000	-0.6
chr4	231197005	231197500	-0.6
chr4	233920137	233920471	-0.6
chr5	2832038	2832482	-0.6
chr5	172789538	172789791	-0.6
chr5	217343001	217343214	-0.6
chr6	162556530	162556954	-0.6
chr6	165567501	165567970	-0.6
chr6	170417141	170417477	-0.6
chr7	27265742	27265939	-0.6
chr7	112574081	112574474	-0.6
chr7	175113059	175113480	-0.6
chr7	181722021	181722475	-0.6
chr9	136922532	136922984	-0.6
chr1	18391517	18391980	-0.59
chr1	67697003	67697769	-0.59
chr1	68585064	68585473	-0.59
chr1	69596020	69596423	-0.59
chr1	74785510	74785819	-0.59
chr1	87320044	87320450	-0.59
chr1	97707512	97707995	-0.59
chr1	120025046	120025393	-0.59
chr1	168371090	168371408	-0.59
chr1	190267006	190267490	-0.59
chr1	209851305	209851497	-0.59
chr1	213894549	213894967	-0.59
chr1	220468086	220468475	-0.59
chr10	13699022	13699328	-0.59
chr10	15084515	15084977	-0.59
chr10	26722028	26722467	-0.59
chr10	80761515	80761981	-0.59
chr10	95956001	95956474	-0.59
chr10	103827537	103827973	-0.59
chr10	108318524	108318982	-0.59
chr10	110974009	110974500	-0.59
chr10	134839029	134839466	-0.59
chr10	137068506	137068984	-0.59
chr2	28352129	28352498	-0.59
chr2	118074005	118074485	-0.59
chr2	181888505	181888960	-0.59
chr5	2553007	2553316	-0.59
chr5	180932501	180932958	-0.59
chr5	215509001	215509370	-0.59
chr6	150257501	150257912	-0.59
chr6	160260516	160260989	-0.59
chr7	6817598	6817989	-0.59
chr7	6873522	6873997	-0.59
chr7	18087021	18087494	-0.59
chr7	20225653	20225994	-0.59
chr7	21346022	21346490	-0.59
chr7	166720037	166720500	-0.59
chr7	177956004	177956462	-0.59
chr7	180371062	180371464	-0.59
chr7	181492554	181492979	-0.59
chr8	77716004	77716492	-0.59
chr8	154896685	154896999	-0.59
chr8	175898007	175898466	-0.59
chr9	9421006	9421471	-0.59
chr1	84534569	84534979	-0.58
chr1	104117083	104117462	-0.58
chr1	107713518	107713984	-0.58
chr1	207590694	207591497	-0.58
chr1	208987508	208987964	-0.58
chr1	218080501	218080929	-0.58
chr1	303658565	303658972	-0.58
chr10	12532030	12532484	-0.58
chr10	70058016	70058495	-0.58
chr10	85720506	85720998	-0.58
chr10	108392001	108392468	-0.58
chr10	113400076	113400496	-0.58
chr10	121181009	121181497	-0.58
chr2	57469503	57470497	-0.58
chr2	61532610	61532915	-0.58
chr2	105687057	105687496	-0.58
chr2	135496682	135496995	-0.58
chr2	147934002	147934452	-0.58
chr2	162886201	162886482	-0.58
chr2	166397001	166397499	-0.58
chr2	171276531	171276993	-0.58
chr2	174552001	174552498	-0.58
chr3	124670503	124670966	-0.58
chr3	157679561	157679979	-0.58
chr3	159784002	159784488	-0.58
chr4	139738092	139738978	-0.58
chr4	188342010	188342483	-0.58
chr5	3585721	3585996	-0.58
chr5	152299067	152299458	-0.58
chr5	184655242	184655494	-0.58
chr5	191159510	191159887	-0.58
chr5	212269519	212269988	-0.58
chr5	223706070	223706455	-0.58
chr7	8251090	8251493	-0.58
chr7	10451519	10451998	-0.58
chr7	18346513	18346996	-0.58
chr7	181498507	181498880	-0.58
chr8	79181013	79181482	-0.58
chr8	161050501	161050987	-0.58
chr8	174065501	174065914	-0.58
chr9	102447547	102448000	-0.58
chr9	127904529	127904943	-0.58
chr1	197393524	197393998	-0.57
chr10	22949029	22949484	-0.57
chr10	39488762	39489000	-0.57
chr10	69420020	69420429	-0.57
chr10	73731545	73731928	-0.57
chr10	79587554	79587951	-0.57
chr10	82096156	82096496	-0.57
chr10	84556014	84556406	-0.57
chr10	112399543	112399963	-0.57
chr10	134918598	134918956	-0.57
chr10	138140761	138140959	-0.57
chr2	5060504	5061489	-0.57
chr2	41770014	41770423	-0.57
chr2	103720015	103720481	-0.57
chr2	140970046	140970496	-0.57
chr2	144428503	144428946	-0.57
chr2	145771003	145771461	-0.57
chr2	146830518	146831000	-0.57
chr3	5164036	5164480	-0.57
chr5	182637013	182637978	-0.57
chr5	187599504	187599996	-0.57
chr5	194201160	194201493	-0.57
chr5	197225006	197225500	-0.57
chr5	204938004	204938488	-0.57
chr7	26661514	26662000	-0.57
chr7	110937532	110937996	-0.57
chr7	159600036	159600414	-0.57
chr7	171486537	171486941	-0.57
chr7	180358524	180358961	-0.57
chr8	61604018	61604433	-0.57
chr8	84442126	84442493	-0.57
chr1	51129523	51129972	-0.56
chr1	68227540	68227983	-0.56
chr1	70060109	70060449	-0.56
chr1	86340506	86340965	-0.56
chr1	91036526	91036968	-0.56
chr1	96481508	96481997	-0.56
chr1	200709506	200710442	-0.56
chr10	11910081	11910380	-0.56
chr10	32279001	32279483	-0.56
chr10	37620568	37620972	-0.56
chr10	54232164	54232462	-0.56
chr10	57095031	57095496	-0.56
chr10	64821024	64821472	-0.56
chr10	94068508	94068986	-0.56
chr10	109518031	109518486	-0.56
chr10	112576017	112576407	-0.56
chr10	115001568	115001992	-0.56
chr10	121167510	121167994	-0.56
chr10	127961544	127961898	-0.56
chr2	10669115	10669426	-0.56
chr2	30276508	30276986	-0.56
chr2	35067515	35067798	-0.56
chr2	59004518	59004973	-0.56
chr2	70451629	70451976	-0.56
chr2	84358505	84358998	-0.56
chr2	85368510	85368981	-0.56
chr2	88252037	88252423	-0.56
chr2	91482686	91482988	-0.56
chr2	117603529	117603916	-0.56
chr2	159481556	159481994	-0.56
chr2	167649521	167649998	-0.56
chr2	171221017	171221485	-0.56
chr2	173270006	173270498	-0.56
chr2	175510173	175510496	-0.56
chr2	188715536	188715829	-0.56
chr2	243517518	243517974	-0.56
chr3	10340001	10340489	-0.56
chr3	173569040	173569396	-0.56
chr3	187338531	187339000	-0.56
chr3	221813525	221813987	-0.56
chr4	1293004	1293498	-0.56
chr5	3602524	3602990	-0.56
chr5	187860527	187860915	-0.56
chr5	209455524	209455970	-0.56
chr6	50108049	50108477	-0.56
chr6	160919566	160919992	-0.56
chr7	7986003	7986465	-0.56
chr7	8970015	8970467	-0.56
chr7	9879064	9879467	-0.56
chr7	10798542	10799000	-0.56
chr7	166436004	166436498	-0.56
chr7	171886507	171887427	-0.56
chr8	103455515	103455944	-0.56
chr8	125965517	125965935	-0.56
chr9	42056504	42056993	-0.56
chr9	144433018	144433489	-0.56
chr1	20007510	20008000	-0.55
chr1	70302034	70302499	-0.55
chr1	86351516	86351978	-0.55
chr1	94472548	94472998	-0.55
chr1	144623004	144623494	-0.55
chr1	263249512	263249996	-0.55
chr10	12241515	12241987	-0.55
chr10	15044005	15044486	-0.55
chr10	17139005	17139489	-0.55
chr10	48082024	48082463	-0.55
chr10	59641001	59641495	-0.55
chr10	96882073	96882470	-0.55
chr10	111871023	111871423	-0.55
chr10	112243054	112243428	-0.55
chr10	120050519	120050995	-0.55
chr10	134092015	134092317	-0.55
chr10	139272538	139272887	-0.55
chr2	20727016	20727409	-0.55
chr2	41990148	41990431	-0.55
chr2	44366506	44366954	-0.55
chr2	46608052	46608486	-0.55
chr2	54354024	54354492	-0.55
chr2	59009029	59009443	-0.55
chr2	65550071	65551000	-0.55
chr2	105748512	105748989	-0.55
chr2	128665121	128665472	-0.55
chr2	146005565	146005989	-0.55
chr2	146203539	146203999	-0.55
chr2	151885008	151885490	-0.55
chr2	168504534	168504839	-0.55
chr2	198160051	198160448	-0.55
chr2	241540516	241540967	-0.55
chr4	77695003	77695495	-0.55
chr4	122175131	122175490	-0.55
chr5	2673004	2673483	-0.55
chr5	15273133	15273910	-0.55
chr5	102002633	102002994	-0.55
chr5	195178512	195178881	-0.55
chr7	6812501	6812999	-0.55
chr7	7868508	7868997	-0.55
chr7	29122004	29122282	-0.55
chr7	124908584	124908978	-0.55
chr7	181608004	181608473	-0.55
chr8	95480011	95480500	-0.55
chr8	113168073	113168486	-0.55
chr8	124834010	124834472	-0.55
chr1	72033014	72033460	-0.54
chr1	168199524	168200000	-0.54
chr1	221945037	221945494	-0.54
chr10	25212531	25212914	-0.54
chr10	40251034	40251469	-0.54
chr10	65637019	65637496	-0.54
chr10	70278005	70278493	-0.54
chr10	76165033	76165416	-0.54
chr10	122807522	122807982	-0.54
chr10	126323503	126323992	-0.54
chr2	10578503	10579000	-0.54
chr2	11808003	11808499	-0.54
chr2	13602510	13602959	-0.54
chr2	23081001	23081438	-0.54
chr2	52119011	52119407	-0.54
chr2	61626515	61626998	-0.54
chr2	63049037	63049490	-0.54
chr2	71583516	71583992	-0.54
chr2	153498540	153498998	-0.54
chr2	154949081	154949404	-0.54
chr2	157733521	157733829	-0.54
chr2	160972528	160972984	-0.54
chr2	171179027	171179486	-0.54
chr2	182174638	182174997	-0.54
chr3	152437510	152437781	-0.54
chr4	3571029	3571494	-0.54
chr4	177547551	177547923	-0.54
chr4	179538004	179538491	-0.54
chr4	184634107	184634490	-0.54
chr4	210781001	210781493	-0.54
chr5	984643	984968	-0.54
chr5	22196007	22196495	-0.54
chr5	180938527	180938994	-0.54
chr5	194088609	194088988	-0.54
chr5	204477017	204477499	-0.54
chr6	170021514	170021993	-0.54
chr7	7532548	7532978	-0.54
chr7	22845044	22845460	-0.54
chr7	123555509	123556331	-0.54
chr7	129845547	129845984	-0.54
chr7	180050150	180050496	-0.54
chr8	21750052	21750435	-0.54
chr1	33786001	33786491	-0.53
chr1	51223013	51223387	-0.53
chr1	84040508	84040983	-0.53
chr1	158273042	158273484	-0.53
chr10	15304010	15304466	-0.53
chr10	30754510	30754991	-0.53
chr10	55538011	55538496	-0.53
chr10	117352017	117352437	-0.53
chr10	118676533	118677000	-0.53
chr10	138862503	138862988	-0.53
chr2	11712012	11712500	-0.53
chr2	20537002	20537475	-0.53
chr2	25264512	25264971	-0.53
chr2	42231526	42231952	-0.53
chr2	43522510	43522955	-0.53
chr2	50619529	50619994	-0.53
chr2	79034762	79034972	-0.53
chr2	91499538	91499993	-0.53
chr2	120948564	120949415	-0.53
chr2	130927017	130927459	-0.53
chr2	132213020	132213487	-0.53
chr2	146126112	146126419	-0.53
chr2	147705083	147705486	-0.53
chr2	168419565	168420000	-0.53
chr2	174944028	174944463	-0.53
chr2	180369012	180369328	-0.53
chr2	181464616	181464983	-0.53
chr3	147173010	147173500	-0.53
chr4	72530513	72530929	-0.53
chr5	1577561	1577953	-0.53
chr5	155106548	155107000	-0.53
chr5	188160523	188160994	-0.53
chr6	8809501	8809986	-0.53
chr6	165990509	165990964	-0.53
chr7	19780256	19780473	-0.53
chr7	20244005	20244444	-0.53
chr7	20706534	20706994	-0.53
chr8	97623588	97623993	-0.53
chr8	128693501	128693982	-0.53
chr9	14543670	14543999	-0.53
chr1	89940004	89940494	-0.52
chr1	91034012	91034496	-0.52
chr1	105185501	105185940	-0.52
chr1	165603551	165603984	-0.52
chr1	176520504	176520989	-0.52
chr1	190265506	190265988	-0.52
chr1	200033501	200033976	-0.52
chr1	208050044	208050415	-0.52
chr1	211118576	211118961	-0.52
chr10	35976565	35976995	-0.52
chr10	51240046	51240492	-0.52
chr10	77084526	77084986	-0.52
chr10	97774026	97774402	-0.52
chr10	98903624	98903997	-0.52
chr10	101524514	101524830	-0.52
chr10	107941011	107941497	-0.52
chr10	117304093	117304460	-0.52
chr10	124224022	124224485	-0.52
chr10	124225002	124225477	-0.52
chr10	125577575	125577923	-0.52
chr2	20725507	20725999	-0.52
chr2	23108503	23108991	-0.52
chr2	25028008	25028498	-0.52
chr2	48840513	48840966	-0.52
chr2	58160592	58160969	-0.52
chr2	107704553	107704983	-0.52
chr2	137113003	137113460	-0.52
chr2	141668536	141668950	-0.52
chr2	141944502	141944994	-0.52
chr2	142389032	142389306	-0.52
chr2	155398001	155398484	-0.52
chr2	158415097	158415444	-0.52
chr2	163096509	163096936	-0.52
chr2	172847027	172847363	-0.52
chr2	176440042	176440457	-0.52
chr2	205211581	205211990	-0.52
chr3	160133001	160133500	-0.52
chr4	12193014	12193488	-0.52
chr4	13128582	13128934	-0.52
chr4	202965573	202965944	-0.52
chr4	233258004	233258500	-0.52
chr5	3536601	3536982	-0.52
chr5	161011539	161011975	-0.52
chr5	191145052	191145493	-0.52
chr5	212781515	212781999	-0.52
chr5	213160013	213160487	-0.52
chr5	213995504	213995958	-0.52
chr6	88677617	88677870	-0.52
chr6	144697533	144697967	-0.52
chr6	164383556	164384000	-0.52
chr6	166574506	166574935	-0.52
chr7	21008564	21008944	-0.52
chr7	178163075	178163465	-0.52
chr7	180109513	180109974	-0.52
chr8	30111562	30111955	-0.52
chr1	61846504	61847000	-0.51
chr1	88697501	88697923	-0.51
chr1	94416022	94416491	-0.51
chr1	109845563	109845999	-0.51
chr1	146261006	146261375	-0.51
chr1	152399041	152399426	-0.51
chr1	153226549	153226975	-0.51
chr1	220127058	220127487	-0.51
chr10	2753001	2753494	-0.51
chr10	26545166	26545496	-0.51
chr10	75994502	75994986	-0.51
chr10	85896705	85897000	-0.51
chr10	97117507	97117974	-0.51
chr10	121072001	121072493	-0.51
chr2	14088027	14088498	-0.51
chr2	14906527	14906954	-0.51
chr2	16977003	16977472	-0.51
chr2	47873006	47873500	-0.51
chr2	53138568	53138944	-0.51
chr2	69796003	69796499	-0.51
chr2	84795099	84795500	-0.51
chr2	98762008	98762473	-0.51
chr2	141189569	141189904	-0.51
chr2	168254027	168254477	-0.51
chr2	169621083	169621449	-0.51
chr2	171257504	171257981	-0.51
chr2	177093023	177093416	-0.51
chr3	38778521	38779000	-0.51
chr3	148271528	148271838	-0.51
chr3	166314040	166314472	-0.51
chr3	199570510	199570953	-0.51
chr5	3580503	3580930	-0.51
chr5	11962512	11962975	-0.51
chr5	89091001	89091497	-0.51
chr5	178513502	178513998	-0.51
chr5	179265030	179265474	-0.51
chr5	179614031	179614488	-0.51
chr5	194872501	194873000	-0.51
chr5	201801150	201801449	-0.51
chr6	92507503	92507914	-0.51
chr6	164904514	164904969	-0.51
chr7	10475018	10475479	-0.51
chr7	10929502	10929993	-0.51
chr1	32426008	32426490	-0.5
chr1	159889501	159889957	-0.5
chr1	211113004	211113488	-0.5
chr10	114425055	114425484	-0.5
chr2	43025535	43025982	-0.5
chr2	64590015	64590435	-0.5
chr2	70456021	70456492	-0.5
chr2	85702523	85702929	-0.5
chr2	145507515	145508000	-0.5
chr2	241062613	241062977	-0.5
chr3	175717540	175717990	-0.5
chr3	201692019	201692480	-0.5
chr5	2866028	2866485	-0.5
chr5	196955505	196955992	-0.5
chr5	222642076	222642479	-0.5
chr6	20330031	20330491	-0.5
chr7	23549003	23549488	-0.5
chr7	27969029	27969460	-0.5
chr7	165257006	165257500	-0.5
chr8	174147075	174147340	-0.5
chr9	90041009	90041395	-0.5
chr9	148739589	148739948	-0.5
chr1	198293503	198293993	0.5
chr1	201439513	201439981	0.5
chr1	205395681	205395945	0.5
chr10	18683522	18683991	0.5
chr10	89999524	89999994	0.5
chr10	102528143	102528467	0.5
chr10	139913521	139913971	0.5
chr2	13772061	13772498	0.5
chr5	2064528	2064993	0.5
chr5	179881515	179881976	0.5
chr5	191207034	191207376	0.5
chr7	12244178	12244500	0.5
chr7	171745582	171745871	0.5
chr1	117389036	117389282	0.51
chr1	188584011	188584489	0.51
chr1	191193021	191193494	0.51
chr1	201793525	201793964	0.51
chr1	202089501	202089992	0.51
chr1	227097005	227097500	0.51
chr10	56992584	56992936	0.51
chr10	63456580	63456971	0.51
chr10	128024044	128024462	0.51
chr2	15739501	15739992	0.51
chr2	39182118	39182486	0.51
chr2	47682589	47682993	0.51
chr2	53666072	53666459	0.51
chr2	63028526	63028920	0.51
chr2	121939003	121939490	0.51
chr2	141645040	141645486	0.51
chr2	158484599	158484925	0.51
chr3	164253532	164253919	0.51
chr3	166838031	166838465	0.51
chr5	213977039	213977481	0.51
chr5	216174501	216174988	0.51
chr6	160691518	160691979	0.51
chr6	165908001	165908438	0.51
chr7	5948505	5948956	0.51
chr7	8608538	8608996	0.51
chr7	13882614	13882837	0.51
chr7	139919531	139919996	0.51
chr8	45384002	45384500	0.51
chr8	45765501	45765997	0.51
chr8	86855082	86855500	0.51
chr9	33475502	33475995	0.51
chr9	130896038	130896475	0.51
chr1	72093027	72093467	0.52
chr1	89003719	89003985	0.52
chr1	172560524	172560982	0.52
chr1	188194526	188194986	0.52
chr1	195842691	195842936	0.52
chr1	209266004	209266474	0.52
chr1	214510582	214510960	0.52
chr1	241592509	241592992	0.52
chr10	10303225	10303992	0.52
chr10	17275534	17275995	0.52
chr10	30979631	30979997	0.52
chr10	106797539	106797977	0.52
chr10	137348530	137348982	0.52
chr2	39643634	39643989	0.52
chr2	54272501	54272743	0.52
chr2	67161034	67161492	0.52
chr2	85729080	85729419	0.52
chr2	114517553	114518000	0.52
chr2	146207521	146207998	0.52
chr2	148369001	148369494	0.52
chr3	156121526	156121998	0.52
chr3	156350611	156350995	0.52
chr5	3229029	3229499	0.52
chr5	172489532	172489998	0.52
chr5	179888805	179888996	0.52
chr5	191576531	191576972	0.52
chr5	214166005	214166496	0.52
chr6	94235512	94235993	0.52
chr6	127177002	127177423	0.52
chr7	20250520	20250990	0.52
chr7	90087145	90087498	0.52
chr8	34516506	34516998	0.52
chr1	70297539	70297952	0.53
chr1	93728009	93728494	0.53
chr1	117149531	117150000	0.53
chr1	120741064	120741500	0.53
chr1	201430010	201430495	0.53
chr1	205994019	205994479	0.53
chr1	217630506	217630946	0.53
chr10	105059549	105059928	0.53
chr10	134174507	134174998	0.53
chr10	135831021	135831415	0.53
chr10	139055577	139056000	0.53
chr2	20941035	20941446	0.53
chr2	31081059	31081495	0.53
chr2	36833503	36833921	0.53
chr2	39381559	39381994	0.53
chr2	42241017	42241463	0.53
chr2	50617503	50617990	0.53
chr2	100911618	100912495	0.53
chr2	125936514	125936936	0.53
chr2	138478037	138478490	0.53
chr2	153042527	153043453	0.53
chr2	172530049	172530493	0.53
chr2	172787009	172787475	0.53
chr2	242971537	242971870	0.53
chr3	158288013	158288487	0.53
chr4	178766016	178766491	0.53
chr4	179085520	179086000	0.53
chr5	190294509	190294994	0.53
chr5	193004501	193004992	0.53
chr7	135630017	135630498	0.53
chr8	34688005	34688444	0.53
chr1	190321505	190321998	0.54
chr1	197116014	197116483	0.54
chr1	204238565	204238852	0.54
chr1	212671525	212671935	0.54
chr10	24562031	24562283	0.54
chr10	28268502	28268998	0.54
chr2	26530504	26531000	0.54
chr2	38350091	38350459	0.54
chr2	56545505	56545990	0.54
chr2	109887005	109887450	0.54
chr2	115081003	115081394	0.54
chr2	134144520	134144993	0.54
chr2	168969540	168969993	0.54
chr2	195360037	195360476	0.54
chr2	204902019	204902487	0.54
chr3	151440527	151440977	0.54
chr3	151653601	151653979	0.54
chr3	154247503	154247992	0.54
chr4	179080612	179080875	0.54
chr4	179768002	179768499	0.54
chr5	22389115	22389474	0.54
chr5	169061010	169061482	0.54
chr5	197144707	197144899	0.54
chr5	216825041	216825432	0.54
chr6	164636017	164636354	0.54
chr7	134478004	134478436	0.54
chr8	68506523	68506980	0.54
chr9	118651520	118651982	0.54
chr1	70212006	70212465	0.55
chr1	102259029	102259492	0.55
chr1	210741501	210741976	0.55
chr10	14184501	14184914	0.55
chr10	18995559	18995999	0.55
chr10	78042513	78042993	0.55
chr2	11814535	11814978	0.55
chr2	20722515	20722921	0.55
chr2	23395501	23395973	0.55
chr2	38750022	38750443	0.55
chr2	50474004	50474497	0.55
chr2	132034504	132034997	0.55
chr2	147929509	147929986	0.55
chr2	159223510	159223851	0.55
chr5	4271005	4271493	0.55
chr5	212715033	212715480	0.55
chr5	216046008	216046463	0.55
chr6	166319512	166319977	0.55
chr7	6927078	6927498	0.55
chr8	80844517	80844901	0.55
chr8	81939019	81939436	0.55
chr1	71517146	71517493	0.56
chr1	95019016	95019445	0.56
chr1	105703504	105703962	0.56
chr1	151514525	151514983	0.56
chr1	192995011	192995454	0.56
chr1	203325530	203325999	0.56
chr1	208535014	208535481	0.56
chr1	210739506	210739925	0.56
chr1	222593521	222593992	0.56
chr10	24933509	24933931	0.56
chr10	65983709	65983892	0.56
chr10	73751501	73751999	0.56
chr10	116909535	116909998	0.56
chr10	124929501	124929950	0.56
chr10	126092001	126092461	0.56
chr10	134389505	134389988	0.56
chr10	136403044	136403428	0.56
chr10	139366531	139366977	0.56
chr2	41893026	41893467	0.56
chr2	100633525	100634459	0.56
chr2	115621508	115621998	0.56
chr2	130190001	130190452	0.56
chr2	141723185	141724328	0.56
chr2	156306535	156306895	0.56
chr2	161992552	161992950	0.56
chr2	244297032	244297469	0.56
chr3	151865064	151865500	0.56
chr4	158706001	158706995	0.56
chr5	190355022	190355491	0.56
chr8	41760519	41760984	0.56
chr8	74613668	74613904	0.56
chr1	102362545	102362959	0.57
chr1	109224508	109224996	0.57
chr1	164151045	164151499	0.57
chr1	165235511	165236488	0.57
chr1	167321054	167321374	0.57
chr1	193230001	193230478	0.57
chr1	204344006	204344499	0.57
chr10	39614776	39615500	0.57
chr10	97176022	97176497	0.57
chr10	120427007	120427487	0.57
chr10	132941001	132941493	0.57
chr10	135291520	135291973	0.57
chr2	20634048	20634481	0.57
chr2	23324037	23324492	0.57
chr2	28749001	28749494	0.57
chr2	32028006	32028492	0.57
chr2	62539502	62539998	0.57
chr2	118655067	118655477	0.57
chr2	147152513	147152986	0.57
chr2	147655010	147655492	0.57
chr2	153727525	153727996	0.57
chr4	224379093	224379468	0.57
chr6	165275501	165275927	0.57
chr7	22488033	22488444	0.57
chr8	39059502	39059981	0.57
chr8	56495004	56495497	0.57
chr8	91995518	91995992	0.57
chr1	99226004	99226473	0.58
chr1	145352058	145352466	0.58
chr1	162958528	162959000	0.58
chr1	209165023	209165405	0.58
chr1	214053006	214053480	0.58
chr10	12647002	12647500	0.58
chr10	74379182	74379493	0.58
chr10	78043501	78043990	0.58
chr10	120051003	120051494	0.58
chr10	126090149	126090409	0.58
chr10	139031504	139031987	0.58
chr2	10128573	10128987	0.58
chr2	24063554	24063985	0.58
chr2	24835050	24835459	0.58
chr2	25028517	25028983	0.58
chr2	46803532	46803990	0.58
chr2	71777507	71777978	0.58
chr2	81697654	81697974	0.58
chr2	96526527	96526987	0.58
chr2	108498560	108499497	0.58
chr2	117715503	117715973	0.58
chr2	138449005	138449500	0.58
chr2	166502582	166502981	0.58
chr3	163835028	163835457	0.58
chr3	168692508	168692989	0.58
chr4	235826525	235826941	0.58
chr7	15694001	15694490	0.58
chr8	89373002	89373459	0.58
chr9	14003511	14003996	0.58
chr1	150416534	150416998	0.59
chr1	158086621	158086963	0.59
chr1	175381016	175381480	0.59
chr1	189135527	189135973	0.59
chr1	199521009	199521465	0.59
chr1	210860008	210860477	0.59
chr1	222336506	222337000	0.59
chr10	10683002	10683422	0.59
chr10	15611509	15611980	0.59
chr10	88150004	88150496	0.59
chr2	24842626	24842910	0.59
chr2	31863018	31863462	0.59
chr2	123171007	123171876	0.59
chr2	132000001	132000995	0.59
chr2	132184074	132184476	0.59
chr2	144469001	144469477	0.59
chr2	146501001	146501435	0.59
chr2	161712520	161712896	0.59
chr2	172031017	172031494	0.59
chr2	174020059	174020423	0.59
chr3	64429571	64429996	0.59
chr3	155968022	155968210	0.59
chr4	12077511	12077992	0.59
chr4	233230011	233230475	0.59
chr5	10470001	10470457	0.59
chr5	197137501	197137771	0.59
chr7	11815505	11815970	0.59
chr8	34689009	34689494	0.59
chr8	46187028	46187496	0.59
chr8	63266543	63267000	0.59
chr8	97541563	97541988	0.59
chr1	87560044	87560993	0.6
chr1	88704121	88704905	0.6
chr1	99943515	99943996	0.6
chr1	100218001	100218396	0.6
chr1	105047026	105047357	0.6
chr1	125358519	125359000	0.6
chr1	140873008	140873492	0.6
chr1	273545005	273545473	0.6
chr10	41411260	41411493	0.6
chr10	84757522	84758472	0.6
chr10	113707037	113707487	0.6
chr10	120813622	120813994	0.6
chr10	127493502	127493906	0.6
chr10	140697507	140697945	0.6
chr2	10326019	10326476	0.6
chr2	21337571	21337998	0.6
chr2	26425026	26425440	0.6
chr2	36780093	36780424	0.6
chr2	64581546	64581785	0.6
chr2	88072597	88073483	0.6
chr2	126977503	126977986	0.6
chr2	133491004	133491495	0.6
chr2	138649009	138649497	0.6
chr2	141337001	141337437	0.6
chr3	168500022	168500493	0.6
chr5	62917513	62918498	0.6
chr5	188157510	188157997	0.6
chr6	163887014	163887438	0.6
chr7	14401036	14401461	0.6
chr7	19874546	19874954	0.6
chr7	21834047	21834420	0.6
chr7	27301003	27301494	0.6
chr8	78562035	78562498	0.6
chr1	1919019	1919297	0.61
chr1	71621036	71621488	0.61
chr1	72488581	72488989	0.61
chr1	96664162	96664490	0.61
chr1	106040019	106040498	0.61
chr1	155198005	155198427	0.61
chr1	189130501	189130987	0.61
chr1	195944001	195944498	0.61
chr1	198496263	198496499	0.61
chr1	208076015	208076494	0.61
chr1	209191011	209191498	0.61
chr1	213435505	213435978	0.61
chr10	112124525	112124967	0.61
chr10	117829045	117829488	0.61
chr2	15707503	15707949	0.61
chr2	86912526	86912902	0.61
chr4	191041559	191041897	0.61
chr4	232994535	232994925	0.61
chr5	216758505	216758823	0.61
chr6	160423032	160423486	0.61
chr6	163545677	163545995	0.61
chr7	6964002	6964298	0.61
chr8	69755097	69755425	0.61
chr8	85659540	85659995	0.61
chr8	143117085	143118000	0.61
chr1	121867001	121867500	0.62
chr1	175154625	175154996	0.62
chr1	197497513	197497999	0.62
chr1	206305010	206305953	0.62
chr1	208359513	208360000	0.62
chr10	31109034	31109486	0.62
chr10	39726020	39726315	0.62
chr10	79216008	79216492	0.62
chr10	101562536	101562929	0.62
chr10	101876502	101876989	0.62
chr10	134655044	134655481	0.62
chr10	140177502	140177998	0.62
chr2	25318510	25318914	0.62
chr2	27634019	27634485	0.62
chr2	50228016	50228251	0.62
chr2	54870580	54870988	0.62
chr2	70138016	70138988	0.62
chr2	72987521	72987973	0.62
chr2	137883066	137883446	0.62
chr2	177359001	177359493	0.62
chr2	243295081	243295486	0.62
chr4	234512007	234512443	0.62
chr5	24138515	24138997	0.62
chr5	188999525	188999739	0.62
chr6	106982549	106982968	0.62
chr6	165365019	165365476	0.62
chr7	18576688	18576991	0.62
chr7	172175535	172175971	0.62
chr8	75193503	75193962	0.62
chr8	97216073	97216486	0.62
chr8	97433071	97433458	0.62
chr1	90318518	90318996	0.63
chr1	192301017	192301500	0.63
chr1	216783507	216783987	0.63
chr1	217340528	217341000	0.63
chr1	276230519	276230830	0.63
chr1	288423025	288423498	0.63
chr10	23409200	23409495	0.63
chr10	56356514	56356971	0.63
chr10	64623509	64623976	0.63
chr10	98111124	98111916	0.63
chr10	118111535	118112491	0.63
chr10	118153537	118153914	0.63
chr10	129678080	129678384	0.63
chr2	11335001	11335496	0.63
chr2	13917031	13917985	0.63
chr2	47255613	47255982	0.63
chr2	154667022	154667492	0.63
chr2	168137530	168137962	0.63
chr5	1396230	1396462	0.63
chr8	82886514	82887433	0.63
chr1	84249506	84249951	0.64
chr1	93308656	93309485	0.64
chr1	160336512	160337500	0.64
chr1	196516534	196516985	0.64
chr1	207095504	207095971	0.64
chr10	30922524	30923493	0.64
chr10	35294024	35294473	0.64
chr10	65789557	65789977	0.64
chr10	92767534	92767991	0.64
chr10	116717001	116717466	0.64
chr10	119999002	119999457	0.64
chr2	10175543	10175951	0.64
chr2	11926527	11926985	0.64
chr2	26246016	26246975	0.64
chr2	33027509	33027993	0.64
chr2	156364583	156364988	0.64
chr2	176331513	176331995	0.64
chr3	162855510	162856498	0.64
chr4	182553513	182553915	0.64
chr5	1957567	1958485	0.64
chr5	184318009	184318477	0.64
chr5	197030023	197030946	0.64
chr5	201957102	201957492	0.64
chr5	204706037	204706999	0.64
chr7	26445016	26445441	0.64
chr7	135948094	135948500	0.64
chr7	171737017	171737312	0.64
chr8	71706532	71707455	0.64
chr8	77793501	77794480	0.64
chr8	79378504	79379300	0.64
chr1	95965623	95966922	0.65
chr1	96109066	96109478	0.65
chr1	124358326	124358923	0.65
chr1	147283040	147283962	0.65
chr1	189417519	189417952	0.65
chr1	192974516	192974941	0.65
chr1	199514509	199514971	0.65
chr1	212836001	212836366	0.65
chr10	22025633	22026948	0.65
chr10	77766030	77766434	0.65
chr10	97432699	97432978	0.65
chr10	108468002	108468500	0.65
chr10	119213007	119213465	0.65
chr10	126193014	126193467	0.65
chr10	135241003	135241497	0.65
chr2	13607043	13607467	0.65
chr2	58655518	58656444	0.65
chr2	74324002	74324476	0.65
chr2	139877009	139877996	0.65
chr2	163631554	163631919	0.65
chr2	175339015	175339472	0.65
chr5	179487503	179487960	0.65
chr6	167444030	167444449	0.65
chr7	7543501	7543795	0.65
chr7	24737592	24737951	0.65
chr8	39530712	39530966	0.65
chr8	85435016	85436226	0.65
chr1	145697006	145697486	0.66
chr1	198303079	198303809	0.66
chr1	200099047	200099500	0.66
chr1	302366070	302366476	0.66
chr10	34971521	34972454	0.66
chr10	62336045	62336498	0.66
chr10	73056008	73056997	0.66
chr10	80378647	80378962	0.66
chr10	90141092	90141487	0.66
chr10	133422083	133422479	0.66
chr2	25587616	25587892	0.66
chr2	47130100	47130415	0.66
chr2	48389005	48390000	0.66
chr2	107162514	107163271	0.66
chr2	121700505	121700865	0.66
chr2	141806515	141806983	0.66
chr2	163183510	163183901	0.66
chr2	180674608	180674980	0.66
chr2	240938506	240938990	0.66
chr3	154517501	154517993	0.66
chr4	182560004	182560500	0.66
chr5	187074656	187074998	0.66
chr6	163044026	163044500	0.66
chr6	166587019	166587479	0.66
chr7	23343509	23344000	0.66
chr8	83658004	83658473	0.66
chr1	70300553	70300906	0.67
chr1	73170501	73170994	0.67
chr1	119945666	119946980	0.67
chr1	143488767	143489913	0.67
chr1	202244515	202244998	0.67
chr1	213325007	213325500	0.67
chr1	217388199	217389000	0.67
chr10	24111015	24111492	0.67
chr10	84122074	84122462	0.67
chr10	89134535	89134999	0.67
chr10	94390001	94390994	0.67
chr10	95444002	95444474	0.67
chr10	96732070	96732455	0.67
chr10	113213501	113214460	0.67
chr2	32961563	32961936	0.67
chr2	112572014	112572468	0.67
chr2	119960524	119960981	0.67
chr2	126964608	126965497	0.67
chr2	131354016	131354499	0.67
chr2	161491048	161491915	0.67
chr3	150162563	150162870	0.67
chr3	155556514	155556999	0.67
chr3	158348501	158349476	0.67
chr4	198260534	198261000	0.67
chr5	1221174	1221497	0.67
chr7	15932010	15932463	0.67
chr7	21679057	21679475	0.67
chr1	2560078	2560451	0.68
chr1	21859054	21859494	0.68
chr1	151954039	151954456	0.68
chr1	197757502	197757984	0.68
chr1	205836026	205836993	0.68
chr10	24339012	24339500	0.68
chr10	26350074	26350479	0.68
chr10	34383549	34384498	0.68
chr10	72662003	72662440	0.68
chr10	94130503	94131490	0.68
chr10	100844009	100844457	0.68
chr10	112164558	112164936	0.68
chr10	134391034	134391464	0.68
chr10	139512015	139512494	0.68
chr10	140679007	140679490	0.68
chr2	28575016	28576349	0.68
chr2	35419665	35419982	0.68
chr2	44201123	44201498	0.68
chr2	55806526	55807491	0.68
chr2	55808011	55808377	0.68
chr2	104049139	104050000	0.68
chr2	105200543	105200994	0.68
chr2	127606506	127607941	0.68
chr2	132924774	132925946	0.68
chr2	150506518	150507478	0.68
chr2	157229513	157230494	0.68
chr2	163079094	163079499	0.68
chr4	43843502	43843973	0.68
chr4	179676556	179676995	0.68
chr5	194871026	194871422	0.68
chr5	211887513	211887973	0.68
chr7	8906534	8907493	0.68
chr8	71699634	71699994	0.68
chr1	1921011	1922000	0.69
chr1	90697026	90697489	0.69
chr1	97362519	97362977	0.69
chr1	111270504	111270960	0.69
chr1	113159081	113159484	0.69
chr1	161481144	161481844	0.69
chr1	165163012	165163938	0.69
chr1	174818507	174818998	0.69
chr1	195922560	195922995	0.69
chr10	10682032	10682448	0.69
chr10	16559012	16559991	0.69
chr10	24338039	24338481	0.69
chr10	30086630	30086963	0.69
chr10	69438002	69438476	0.69
chr10	95438523	95439000	0.69
chr10	112523515	112523984	0.69
chr10	139066501	139066923	0.69
chr2	37378517	37378932	0.69
chr2	39098030	39099473	0.69
chr2	41894086	41894488	0.69
chr2	61128559	61129393	0.69
chr2	72576279	72576361	0.69
chr2	79417013	79417457	0.69
chr2	106289501	106289966	0.69
chr2	127116595	127117994	0.69
chr2	145700019	145700500	0.69
chr2	153965506	153966000	0.69
chr2	171161030	171161493	0.69
chr2	182138501	182139500	0.69
chr4	231644057	231644981	0.69
chr5	187151019	187151472	0.69
chr5	195948643	195949999	0.69
chr5	211828509	211828957	0.69
chr6	165276502	165276995	0.69
chr6	166055541	166055976	0.69
chr7	13529054	13530189	0.69
chr7	21486087	21486427	0.69
chr8	79737006	79737412	0.69
chr8	87135002	87135462	0.69
chr8	94943001	94944483	0.69
chr1	87718611	87719456	0.7
chr1	102619511	102619999	0.7
chr1	117727511	117728294	0.7
chr1	120512001	120512976	0.7
chr1	126599528	126599922	0.7
chr1	165605662	165605993	0.7
chr1	190500022	190500462	0.7
chr10	24700013	24700478	0.7
chr10	44089086	44089992	0.7
chr10	50851501	50852426	0.7
chr10	54606507	54606967	0.7
chr10	72953525	72953962	0.7
chr10	76093071	76093470	0.7
chr10	79897502	79897975	0.7
chr10	104815005	104815441	0.7
chr10	135328146	135328493	0.7
chr2	12399630	12399975	0.7
chr2	42451006	42451902	0.7
chr2	47892139	47892989	0.7
chr2	61952086	61952494	0.7
chr2	71816530	71817475	0.7
chr2	112170672	112170956	0.7
chr2	129754540	129754843	0.7
chr2	138399025	138400500	0.7
chr2	138447005	138447976	0.7
chr2	161145535	161145996	0.7
chr2	161596244	161596483	0.7
chr3	161019059	161019446	0.7
chr4	233594001	233594489	0.7
chr5	194465504	194466500	0.7
chr5	214161532	214161995	0.7
chr5	216337027	216337477	0.7
chr5	216961502	216961995	0.7
chr7	9147034	9147489	0.7
chr7	11759546	11760475	0.7
chr7	14696002	14696497	0.7
chr8	62166025	62166438	0.7
chr8	87975597	87975916	0.7
chr1	93783007	93784490	0.71
chr1	143490516	143491498	0.71
chr1	159721514	159722498	0.71
chr1	175081150	175081996	0.71
chr1	205410501	205410986	0.71
chr1	206026068	206026998	0.71
chr1	220481002	220481493	0.71
chr10	55814091	55815393	0.71
chr10	62777510	62778500	0.71
chr2	10372001	10372470	0.71
chr2	62129569	62129980	0.71
chr2	99818034	99818469	0.71
chr2	100603546	100604449	0.71
chr2	126773501	126774413	0.71
chr2	127766667	127767488	0.71
chr2	129618599	129619496	0.71
chr2	145456542	145457445	0.71
chr2	150351013	150351999	0.71
chr2	163496086	163496452	0.71
chr3	150545501	150546378	0.71
chr3	157285553	157286000	0.71
chr3	168248002	168248999	0.71
chr4	234911118	234911342	0.71
chr7	24337047	24337987	0.71
chr8	37922523	37922989	0.71
chr8	76584024	76584999	0.71
chr8	86846002	86846497	0.71
chr1	90651511	90652449	0.72
chr1	109822225	109823480	0.72
chr1	118078537	118080000	0.72
chr1	135498008	135498933	0.72
chr1	149604025	149604430	0.72
chr1	175171009	175171493	0.72
chr1	218790051	218790464	0.72
chr10	25058009	25058398	0.72
chr10	25240005	25240957	0.72
chr10	49091520	49091988	0.72
chr10	57930509	57931382	0.72
chr10	78388522	78388996	0.72
chr10	83129050	83129959	0.72
chr10	83700055	83700990	0.72
chr10	84547009	84547496	0.72
chr10	93647534	93647930	0.72
chr10	95124022	95124988	0.72
chr10	97871040	97871500	0.72
chr10	125381508	125381991	0.72
chr10	126007551	126007947	0.72
chr10	127956214	127956496	0.72
chr2	10769571	10769958	0.72
chr2	29539052	29539496	0.72
chr2	54582508	54582998	0.72
chr2	70188570	70189985	0.72
chr2	73467058	73467494	0.72
chr2	84976041	84976497	0.72
chr2	85150503	85151496	0.72
chr2	107986005	107986494	0.72
chr2	115076509	115076994	0.72
chr2	122555011	122555481	0.72
chr2	156748003	156748997	0.72
chr2	182932011	182932993	0.72
chr3	155340501	155340955	0.72
chr5	21004	21395	0.72
chr5	2372001	2372456	0.72
chr5	191574013	191574498	0.72
chr5	216796005	216797000	0.72
chr6	160395007	160395472	0.72
chr1	87487540	87487990	0.73
chr1	92241006	92241987	0.73
chr1	98172015	98172460	0.73
chr1	137652007	137652999	0.73
chr1	150770501	150771498	0.73
chr1	163736515	163736993	0.73
chr1	210824002	210824484	0.73
chr1	218976102	218976437	0.73
chr10	11416524	11416912	0.73
chr10	12482002	12482493	0.73
chr10	23683509	23683992	0.73
chr10	24291044	24291481	0.73
chr10	30775027	30775990	0.73
chr10	97216524	97216939	0.73
chr10	98003011	98003418	0.73
chr10	129850008	129850326	0.73
chr10	139370522	139370934	0.73
chr2	27153506	27153876	0.73
chr2	46115502	46115987	0.73
chr2	72577062	72577449	0.73
chr2	79235505	79235945	0.73
chr2	105673521	105674498	0.73
chr2	108697509	108698488	0.73
chr2	132088012	132088498	0.73
chr2	157269007	157269481	0.73
chr2	171927545	171927976	0.73
chr3	168708571	168708884	0.73
chr5	179726037	179726651	0.73
chr5	185788059	185788428	0.73
chr5	203736504	203737499	0.73
chr5	214121132	214121474	0.73
chr6	163780517	163781480	0.73
chr7	16747541	16747978	0.73
chr1	102558009	102558969	0.74
chr1	107926613	107926996	0.74
chr1	146876001	146876477	0.74
chr1	149529176	149529480	0.74
chr1	163077017	163077490	0.74
chr1	163443513	163443966	0.74
chr1	166618504	166619458	0.74
chr1	191825126	191825450	0.74
chr1	204342555	204342987	0.74
chr1	205387507	205387939	0.74
chr1	213646052	213646500	0.74
chr1	219833168	219833443	0.74
chr10	16935042	16936000	0.74
chr10	28710016	28711000	0.74
chr10	37362501	37362978	0.74
chr10	41890009	41890972	0.74
chr10	44167547	44168497	0.74
chr10	85596017	85596911	0.74
chr10	129848545	129849414	0.74
chr2	14587014	14587498	0.74
chr2	14992532	14993482	0.74
chr2	20009020	20009489	0.74
chr2	45589005	45590491	0.74
chr2	57730106	57730475	0.74
chr2	94546544	94546992	0.74
chr2	101170016	101170747	0.74
chr2	105565516	105565960	0.74
chr2	132288088	132288945	0.74
chr2	133073501	133074472	0.74
chr2	140488110	140488978	0.74
chr2	146857705	146858500	0.74
chr2	149496001	149496991	0.74
chr2	149677005	149677496	0.74
chr2	164062525	164062994	0.74
chr3	164216543	164216990	0.74
chr4	233588504	233588958	0.74
chr5	66570	66995	0.74
chr5	190769527	190769980	0.74
chr7	7856551	7856899	0.74
chr1	104763633	104764836	0.75
chr1	118465513	118466495	0.75
chr1	118498505	118499491	0.75
chr1	145973501	145973914	0.75
chr1	165303005	165303479	0.75
chr1	189279227	189279500	0.75
chr1	205698508	205700499	0.75
chr10	35480515	35481439	0.75
chr10	47327131	47328947	0.75
chr10	54937042	54938224	0.75
chr10	58605043	58606985	0.75
chr10	85845569	85846494	0.75
chr10	93922834	93923803	0.75
chr10	97817239	97818954	0.75
chr10	98908007	98908384	0.75
chr10	115920068	115920474	0.75
chr10	117846508	117846973	0.75
chr10	121011517	121011999	0.75
chr2	19899172	19899458	0.75
chr2	27197094	27197471	0.75
chr2	33392514	33392769	0.75
chr2	38400557	38400898	0.75
chr2	58380003	58380498	0.75
chr2	62883048	62883471	0.75
chr2	68880020	68880998	0.75
chr2	88204134	88204957	0.75
chr2	113155040	113155489	0.75
chr2	113311502	113312435	0.75
chr2	114548122	114549000	0.75
chr2	135111536	135111918	0.75
chr3	229748508	229748961	0.75
chr5	85819001	85819408	0.75
chr5	185481197	185481423	0.75
chr5	187401011	187401499	0.75
chr7	18603045	18603496	0.75
chr7	24986636	24987968	0.75
chr8	74138018	74138490	0.75
chr1	99390119	99390983	0.76
chr1	110216016	110216869	0.76
chr1	116714054	116715485	0.76
chr1	165482020	165482489	0.76
chr1	195031031	195031470	0.76
chr1	222665056	222666000	0.76
chr10	15335534	15336954	0.76
chr10	19421014	19421499	0.76
chr10	56361014	56361761	0.76
chr10	62081605	62082962	0.76
chr10	62303551	62303999	0.76
chr10	89733508	89733966	0.76
chr10	99271015	99271379	0.76
chr2	25319527	25319985	0.76
chr2	67998094	67998978	0.76
chr2	83045523	83046447	0.76
chr2	106715097	106715995	0.76
chr2	116604001	116604982	0.76
chr2	122018507	122018998	0.76
chr2	163012003	163012472	0.76
chr2	175402017	175402986	0.76
chr2	181626001	181626913	0.76
chr5	1530008	1530994	0.76
chr7	6850639	6851457	0.76
chr8	77900038	77900436	0.76
chr8	83752142	83753497	0.76
chr8	92200019	92200213	0.76
chr1	85773501	85773999	0.77
chr1	112916009	112916970	0.77
chr1	188413001	188413498	0.77
chr1	220737073	220737487	0.77
chr1	222779018	222780491	0.77
chr10	30269517	30270419	0.77
chr10	35221547	35222000	0.77
chr10	53010060	53010982	0.77
chr10	55833505	55833985	0.77
chr10	73645001	73645499	0.77
chr10	77676581	77676900	0.77
chr10	126212522	126213374	0.77
chr2	21403022	21403494	0.77
chr2	24152001	24152479	0.77
chr2	55989584	55989982	0.77
chr2	67854510	67855490	0.77
chr2	81175001	81175492	0.77
chr2	104771545	104771987	0.77
chr2	111575017	111575997	0.77
chr2	130945001	130946000	0.77
chr2	151960503	151961340	0.77
chr2	171266044	171266423	0.77
chr6	165986016	165986464	0.77
chr7	10293508	10293967	0.77
chr8	83807248	83808212	0.77
chr8	94395027	94395968	0.77
chr8	96463003	96463945	0.77
chr1	84250648	84250992	0.78
chr1	86458523	86458990	0.78
chr1	103918002	103918494	0.78
chr1	104423056	104423405	0.78
chr1	109337564	109337915	0.78
chr1	111271559	111272498	0.78
chr1	118495002	118495429	0.78
chr1	150432002	150432358	0.78
chr1	165743510	165743973	0.78
chr1	169188551	169189947	0.78
chr1	180260019	180260466	0.78
chr1	189266545	189266948	0.78
chr1	192681032	192681500	0.78
chr1	205397507	205397996	0.78
chr1	207059521	207059999	0.78
chr10	40744757	40745886	0.78
chr10	56436509	56437492	0.78
chr10	62019531	62020918	0.78
chr10	105636023	105636988	0.78
chr10	109834530	109834988	0.78
chr10	123307503	123307977	0.78
chr2	11325521	11325982	0.78
chr2	18432558	18432992	0.78
chr2	35398520	35398946	0.78
chr2	37222524	37223476	0.78
chr2	42448527	42448918	0.78
chr2	53488535	53488890	0.78
chr2	85656524	85657352	0.78
chr2	120544502	120544997	0.78
chr2	129934520	129935498	0.78
chr2	174987027	174987430	0.78
chr3	168685542	168686000	0.78
chr4	179241003	179241912	0.78
chr4	231332003	231332468	0.78
chr5	67524	67974	0.78
chr5	191240569	191240990	0.78
chr5	214919508	214919851	0.78
chr8	91899031	91899375	0.78
chr1	84448501	84448956	0.79
chr1	104755654	104756936	0.79
chr1	116909042	116910485	0.79
chr1	145329586	145329911	0.79
chr1	148767580	148769000	0.79
chr1	166929541	166929993	0.79
chr1	202552025	202552422	0.79
chr1	202852003	202852495	0.79
chr1	205064615	205065939	0.79
chr1	205848148	205848999	0.79
chr1	209979517	209979974	0.79
chr10	15287526	15288000	0.79
chr10	35009565	35010449	0.79
chr10	54811506	54811985	0.79
chr10	87301016	87301500	0.79
chr10	89743002	89743484	0.79
chr10	107311004	107311999	0.79
chr10	126375003	126375946	0.79
chr10	132671027	132671485	0.79
chr2	10831015	10831491	0.79
chr2	25516506	25516998	0.79
chr2	51166008	51167493	0.79
chr2	67664245	67664500	0.79
chr2	68925335	68926483	0.79
chr2	71179132	71180499	0.79
chr2	101445520	101445998	0.79
chr2	105113665	105114460	0.79
chr2	127058595	127059981	0.79
chr2	142386008	142386475	0.79
chr2	165338505	165339000	0.79
chr2	172532553	172533498	0.79
chr2	174071546	174073000	0.79
chr3	165695011	165695488	0.79
chr4	234055013	234055470	0.79
chr4	234574009	234574442	0.79
chr5	191902046	191903985	0.79
chr5	204569300	204569484	0.79
chr5	211122019	211122495	0.79
chr7	7057525	7057991	0.79
chr7	15724084	15724286	0.79
chr7	16911004	16911965	0.79
chr7	26654007	26654497	0.79
chr7	134475054	134475376	0.79
chr8	83627154	83627427	0.79
chr8	88332022	88333385	0.79
chr8	94745014	94745499	0.79
chr1	68390549	68390994	0.8
chr1	120939028	120939475	0.8
chr1	145698249	145698454	0.8
chr1	158006584	158006994	0.8
chr1	160774001	160774998	0.8
chr1	172015557	172015996	0.8
chr10	11219501	11219989	0.8
chr10	81156025	81156436	0.8
chr10	100056741	100057456	0.8
chr10	140225005	140225960	0.8
chr2	11669009	11669972	0.8
chr2	28959503	28959990	0.8
chr2	30133013	30133471	0.8
chr2	50018049	50018495	0.8
chr2	75488137	75488491	0.8
chr2	114901501	114902934	0.8
chr2	134523512	134523966	0.8
chr2	140845102	140846498	0.8
chr2	142628521	142628997	0.8
chr2	161564003	161564499	0.8
chr2	173710530	173710988	0.8
chr2	182913015	182913489	0.8
chr3	146380511	146381380	0.8
chr3	152438523	152438907	0.8
chr3	156962001	156962355	0.8
chr5	184983002	184983943	0.8
chr5	200286028	200286811	0.8
chr5	201913007	201913497	0.8
chr7	8205503	8205958	0.8
chr7	13063003	13063969	0.8
chr7	23793503	23794000	0.8
chr8	88290003	88290486	0.8
chr1	105546004	105546485	0.81
chr1	131997010	131997481	0.81
chr1	145972001	145972472	0.81
chr1	148502340	148502997	0.81
chr1	150720056	150721000	0.81
chr1	157832526	157832991	0.81
chr1	157900570	157901972	0.81
chr1	161708006	161709480	0.81
chr1	165072007	165072208	0.81
chr1	214438512	214439473	0.81
chr1	221064010	221065434	0.81
chr10	55977630	55978493	0.81
chr10	83842806	83844000	0.81
chr10	96523647	96523998	0.81
chr2	27587509	27588461	0.81
chr2	31713044	31713500	0.81
chr2	32679645	32679921	0.81
chr2	33920547	33920966	0.81
chr2	35517014	35517423	0.81
chr2	93945016	93945498	0.81
chr2	103561545	103562402	0.81
chr2	117066006	117066489	0.81
chr2	122442531	122443000	0.81
chr2	130082514	130083499	0.81
chr2	147206003	147206452	0.81
chr2	156534575	156534976	0.81
chr3	159496007	159496473	0.81
chr4	179075030	179075465	0.81
chr4	233496196	233496482	0.81
chr5	118511	118918	0.81
chr7	21487004	21487496	0.81
chr8	77861009	77861459	0.81
chr8	96508055	96508491	0.81
chr1	84401203	84402312	0.82
chr1	96358533	96359000	0.82
chr1	114071514	114071980	0.82
chr1	196517503	196517968	0.82
chr1	202955302	202956383	0.82
chr1	211399009	211399481	0.82
chr10	19051113	19051994	0.82
chr10	31110538	31110997	0.82
chr10	40896046	40897419	0.82
chr10	42751227	42752475	0.82
chr10	45008128	45009000	0.82
chr10	54733047	54733490	0.82
chr10	68648556	68649496	0.82
chr10	72075739	72076947	0.82
chr10	72082104	72082992	0.82
chr10	80329017	80329461	0.82
chr10	84568010	84568496	0.82
chr10	117847595	117848000	0.82
chr10	122300536	122300968	0.82
chr10	128559001	128559673	0.82
chr10	131448505	131448961	0.82
chr10	137730034	137730472	0.82
chr2	34350196	34351372	0.82
chr2	57059005	57059500	0.82
chr2	73527501	73527711	0.82
chr2	79078578	79079419	0.82
chr2	81166002	81166997	0.82
chr2	86885002	86886092	0.82
chr2	103781528	103781969	0.82
chr2	138487007	138487398	0.82
chr2	139717509	139717959	0.82
chr2	157667501	157668415	0.82
chr3	209274002	209274317	0.82
chr8	89664159	89664939	0.82
chr8	97674510	97675000	0.82
chr1	142256567	142257971	0.83
chr1	197068507	197068993	0.83
chr1	206851529	206851926	0.83
chr10	15705713	15706999	0.83
chr10	18998058	18998858	0.83
chr10	57030506	57030983	0.83
chr10	86136510	86137000	0.83
chr10	89742022	89742476	0.83
chr10	122848528	122848968	0.83
chr10	138878003	138878498	0.83
chr2	14132008	14132485	0.83
chr2	25252506	25252991	0.83
chr2	38191571	38192490	0.83
chr2	38974049	38974980	0.83
chr2	85303508	85304496	0.83
chr2	85805024	85805145	0.83
chr2	102045011	102045995	0.83
chr2	110931001	110931982	0.83
chr2	117324002	117324998	0.83
chr2	124004521	124005328	0.83
chr2	170756153	170758872	0.83
chr2	172273225	172274495	0.83
chr5	1876017	1876989	0.83
chr5	181376103	181376500	0.83
chr5	184324638	184324951	0.83
chr6	162800502	162800923	0.83
chr7	18165002	18165957	0.83
chr7	20691533	20691972	0.83
chr8	93469087	93469934	0.83
chr8	97524547	97524998	0.83
chr1	95672042	95672498	0.84
chr1	126276001	126276496	0.84
chr1	131513509	131514487	0.84
chr1	160092052	160092449	0.84
chr1	170521088	170521889	0.84
chr1	209855526	209855986	0.84
chr10	50516623	50517494	0.84
chr10	115145514	115145814	0.84
chr10	116300520	116300982	0.84
chr10	129394042	129394485	0.84
chr10	133843044	133843488	0.84
chr2	32635008	32635496	0.84
chr2	55433003	55433839	0.84
chr2	81158042	81158792	0.84
chr2	85636522	85637500	0.84
chr2	88035757	88036489	0.84
chr2	111687504	111687999	0.84
chr2	112162549	112162996	0.84
chr2	116024058	116024495	0.84
chr2	135557003	135557953	0.84
chr2	168428504	168428981	0.84
chr2	179447519	179448000	0.84
chr3	150927566	150927989	0.84
chr5	211668008	211668463	0.84
chr5	216632506	216632953	0.84
chr7	7014578	7016477	0.84
chr7	21534558	21534980	0.84
chr7	180481004	180481973	0.84
chr7	181987011	181988490	0.84
chr9	31080015	31080456	0.84
chr1	74095501	74096490	0.85
chr1	92072011	92072400	0.85
chr1	121924739	121925926	0.85
chr1	201756536	201756993	0.85
chr1	202547023	202548195	0.85
chr1	203182670	203182983	0.85
chr1	211480512	211480817	0.85
chr1	220320120	220321000	0.85
chr10	17078234	17079399	0.85
chr10	49101609	49101990	0.85
chr10	72946118	72946498	0.85
chr10	117663552	117663988	0.85
chr2	11474049	11474483	0.85
chr2	12229016	12229464	0.85
chr2	15734633	15734987	0.85
chr2	17156614	17156896	0.85
chr2	32534587	32534988	0.85
chr2	32685003	32685486	0.85
chr2	42908037	42908487	0.85
chr2	74346569	74347499	0.85
chr2	150289008	150289494	0.85
chr2	153602001	153602956	0.85
chr2	156517140	156517465	0.85
chr2	158488014	158488959	0.85
chr4	178009517	178009999	0.85
chr5	68271047	68271470	0.85
chr5	185028001	185028895	0.85
chr5	194076597	194076997	0.85
chr5	197941011	197941445	0.85
chr7	15489502	15489866	0.85
chr8	83625515	83626000	0.85
chr8	92686525	92686959	0.85
chr1	104985662	104985993	0.86
chr1	143158024	143158843	0.86
chr1	190541003	190541444	0.86
chr1	192668072	192668500	0.86
chr1	194562018	194562954	0.86
chr1	195016011	195016490	0.86
chr1	201440533	201440989	0.86
chr1	220059501	220059989	0.86
chr1	221624005	221624411	0.86
chr10	19208506	19209000	0.86
chr10	28367012	28367487	0.86
chr10	103794104	103794441	0.86
chr2	26418514	26419000	0.86
chr2	30857563	30857995	0.86
chr2	33446507	33446886	0.86
chr2	59561524	59561645	0.86
chr2	69751030	69751479	0.86
chr2	112973674	112973963	0.86
chr2	150641524	150641933	0.86
chr2	242912183	242913468	0.86
chr3	158448077	158448485	0.86
chr3	159501007	159501484	0.86
chr4	230987027	230987457	0.86
chr5	200287501	200287963	0.86
chr6	160348022	160348500	0.86
chr1	2118127	2118428	0.87
chr1	72836501	72836989	0.87
chr1	114965507	114965983	0.87
chr1	118285049	118285418	0.87
chr1	161710032	161711415	0.87
chr1	161750086	161750497	0.87
chr1	188804519	188805000	0.87
chr1	192430510	192430997	0.87
chr1	194910056	194910499	0.87
chr1	195290016	195290406	0.87
chr1	203428003	203428448	0.87
chr1	210163033	210163499	0.87
chr1	213628138	213628465	0.87
chr1	221117597	221117989	0.87
chr10	23950513	23951325	0.87
chr10	31342681	31343960	0.87
chr10	57717002	57717386	0.87
chr10	59955605	59956946	0.87
chr10	128443592	128444482	0.87
chr2	30219012	30220499	0.87
chr2	33783008	33783483	0.87
chr2	37261009	37261340	0.87
chr2	70453219	70453319	0.87
chr2	122044565	122045000	0.87
chr2	126883003	126884222	0.87
chr2	130868022	130869460	0.87
chr2	145279030	145279495	0.87
chr2	166823384	166824836	0.87
chr2	177441501	177441997	0.87
chr3	149747001	149747495	0.87
chr3	151669506	151669973	0.87
chr3	155966554	155966940	0.87
chr5	216477535	216477807	0.87
chr6	164796502	164796904	0.87
chr7	180106507	180107000	0.87
chr1	118125507	118125986	0.88
chr1	157892001	157892468	0.88
chr1	195060010	195060480	0.88
chr1	197057627	197057934	0.88
chr1	203009504	203009968	0.88
chr10	88739584	88739993	0.88
chr10	102850507	102850908	0.88
chr10	105044552	105045449	0.88
chr2	12115010	12115500	0.88
chr2	13179034	13179487	0.88
chr2	30168044	30168971	0.88
chr2	34605568	34605979	0.88
chr2	37440044	37440492	0.88
chr2	38672002	38672491	0.88
chr2	111229758	111229986	0.88
chr2	138547506	138548494	0.88
chr2	152655508	152655974	0.88
chr2	241126001	241126424	0.88
chr4	231065501	231065994	0.88
chr5	6761684	6761974	0.88
chr5	193727560	193727939	0.88
chr5	214759046	214759494	0.88
chr5	216436033	216436996	0.88
chr6	160421011	160421392	0.88
chr7	6805555	6805993	0.88
chr7	14746508	14747453	0.88
chr7	26446019	26447472	0.88
chr8	82665570	82665994	0.88
chr8	84230015	84230495	0.88
chr1	69639038	69639402	0.89
chr1	129781003	129781479	0.89
chr1	163425116	163426492	0.89
chr1	209029510	209029937	0.89
chr10	82950007	82950999	0.89
chr10	112344021	112344772	0.89
chr2	15136567	15136984	0.89
chr2	27300501	27302472	0.89
chr2	67008032	67009000	0.89
chr2	85188071	85188483	0.89
chr2	130980519	130981453	0.89
chr2	181283527	181284388	0.89
chr2	182907533	182907975	0.89
chr3	149598027	149598499	0.89
chr4	177534002	177534492	0.89
chr5	214139501	214139913	0.89
chr7	6928513	6929380	0.89
chr7	11190705	11191434	0.89
chr8	88831046	88831413	0.89
chr8	88931521	88931951	0.89
chr8	92817008	92817490	0.89
chr1	187456001	187456494	0.9
chr1	197071523	197072497	0.9
chr1	213696139	213696443	0.9
chr1	227110019	227110442	0.9
chr10	62337077	62337499	0.9
chr2	18022512	18022993	0.9
chr2	22138509	22139972	0.9
chr2	22795002	22795493	0.9
chr2	79796563	79797364	0.9
chr2	81971743	81971998	0.9
chr2	83489506	83490429	0.9
chr2	158063105	158063497	0.9
chr3	151337534	151337951	0.9
chr3	152188001	152188480	0.9
chr3	153919517	153919962	0.9
chr4	234042510	234042940	0.9
chr7	14770511	14770951	0.9
chr8	94948059	94948952	0.9
chr1	109338566	109338988	0.91
chr1	160598528	160598994	0.91
chr1	193529547	193530000	0.91
chr1	213698510	213698991	0.91
chr10	32304614	32305494	0.91
chr10	63730509	63730929	0.91
chr10	76095502	76095999	0.91
chr10	88888011	88888415	0.91
chr2	33634051	33634456	0.91
chr2	75480523	75481446	0.91
chr2	110344532	110344986	0.91
chr2	126234795	126235479	0.91
chr2	139724601	139725418	0.91
chr3	158170002	158170482	0.91
chr3	168261071	168261487	0.91
chr5	189792010	189792971	0.91
chr7	171997038	171997864	0.91
chr8	93183516	93183999	0.91
chr1	143916543	143916996	0.92
chr10	137067036	137067486	0.92
chr2	23203562	23203988	0.92
chr2	24265051	24265496	0.92
chr2	29228588	29229711	0.92
chr2	56080014	56080378	0.92
chr3	163558503	163558979	0.92
chr4	180173720	180174999	0.92
chr4	191542501	191542986	0.92
chr5	191282510	191282995	0.92
chr6	163084512	163085432	0.92
chr6	166480678	166480956	0.92
chr10	66514001	66514388	0.93
chr2	12236525	12236936	0.93
chr2	26428069	26428436	0.93
chr2	32680666	32680989	0.93
chr3	149724040	149724490	0.93
chr3	160587072	160587499	0.93
chr8	92769508	92770488	0.93
chr1	191230010	191230487	0.94
chr1	198299019	198299497	0.94
chr2	66278030	66278470	0.94
chr1	86754014	86754459	0.95
chr1	192569002	192569494	0.95
chr4	192502574	192503000	0.95
chr5	215962052	215962497	0.95
chr8	82159002	82159490	0.95
chr1	157831789	157831985	0.96
chr2	48285017	48285447	0.96
chr1	207519011	207519486	0.97
chr8	77792590	77793000	0.97
chr10	12354507	12354980	0.98
B73V4_ctg150	1350672	1351979	0.86
B73V4_ctg150	1668074	1668482	0.62
