chr_name	start	end	delta_methylation
chr1	212580	212972	-0.57
chr1	1852003	1852979	-0.68
chr1	1919010	1919996	0.68
chr1	1920501	1921489	0.55
chr1	2118013	2118497	0.59
chr1	2166113	2166500	-0.75
chr1	2167008	2167499	-0.67
chr1	2232506	2232998	-0.56
chr1	2483048	2483499	-0.62
chr1	2497545	2497978	-0.7
chr1	2560025	2560457	0.51
chr1	20221012	20221491	-0.5
chr1	21887502	21887956	-0.54
chr1	37244002	37244500	0.51
chr1	61846111	61846493	-0.69
chr1	68243504	68243973	-0.64
chr1	69513005	69513487	-0.58
chr1	70211005	70211492	0.64
chr1	71290099	71290472	-0.6
chr1	71312557	71312843	0.71
chr1	71314585	71314977	0.53
chr1	71333001	71333429	-0.65
chr1	71412039	71413413	-0.78
chr1	71436522	71436905	-0.68
chr1	71517199	71517498	0.55
chr1	72093016	72093471	0.77
chr1	72417008	72417486	0.69
chr1	72836502	72836995	0.71
chr1	72880502	72880993	-0.8
chr1	73365514	73365992	0.54
chr1	73479574	73479992	-0.79
chr1	74095505	74096491	0.72
chr1	74378009	74378495	-0.76
chr1	81681013	81681486	-0.59
chr1	83209005	83209494	-0.76
chr1	83548502	83548999	0.52
chr1	83554505	83555493	-0.8
chr1	83731537	83731986	-0.61
chr1	84249514	84249986	0.67
chr1	84306512	84306997	-0.7
chr1	84447692	84447934	0.55
chr1	84451536	84451897	0.57
chr1	84604018	84604374	0.62
chr1	85074504	85074928	0.6
chr1	85462580	85462992	-0.62
chr1	85773521	85774000	0.72
chr1	85775541	85777969	0.54
chr1	86754002	86754450	0.72
chr1	87485025	87485991	0.65
chr1	87486503	87486888	0.67
chr1	87487502	87487999	0.66
chr1	87677502	87678496	-0.65
chr1	87809022	87809487	-0.72
chr1	88243510	88243963	-0.57
chr1	88244505	88244955	-0.55
chr1	88438502	88438989	-0.66
chr1	88482008	88482476	-0.51
chr1	88704043	88704726	0.56
chr1	88861040	88861498	0.66
chr1	89002559	89003999	0.65
chr1	89486523	89486920	-0.72
chr1	89593508	89593926	-0.58
chr1	89982003	89982465	0.83
chr1	90651505	90651998	0.67
chr1	90652503	90652891	0.6
chr1	92072020	92072471	0.67
chr1	92241064	92242000	0.78
chr1	92261031	92261482	-0.55
chr1	92967001	92967500	-0.75
chr1	93308507	93309461	0.58
chr1	93452599	93452913	-0.51
chr1	93741506	93742499	-0.78
chr1	93784006	93784488	0.67
chr1	94483082	94483467	-0.59
chr1	94646526	94646932	0.68
chr1	94672061	94672481	0.51
chr1	94925712	94925972	-0.51
chr1	94991506	94991990	-0.58
chr1	95672041	95672496	0.73
chr1	95749531	95749993	-0.63
chr1	96113809	96115447	-0.62
chr1	96358508	96358961	0.73
chr1	96664060	96664491	0.55
chr1	96685003	96685491	-0.81
chr1	97117510	97118000	-0.74
chr1	97318027	97318417	-0.78
chr1	97463002	97463481	-0.71
chr1	98172063	98172880	0.65
chr1	98389514	98389995	0.58
chr1	98532017	98532482	-0.57
chr1	99225510	99225993	0.54
chr1	99390024	99390996	0.74
chr1	99678004	99678461	-0.68
chr1	100057527	100057969	-0.64
chr1	100081006	100082489	-0.64
chr1	100171610	100172980	-0.65
chr1	100224503	100224993	0.5
chr1	101339008	101339497	0.59
chr1	102558015	102558478	0.76
chr1	102619172	102619490	0.81
chr1	102745501	102745984	0.58
chr1	102940567	102941985	-0.59
chr1	103771506	103771912	0.53
chr1	104110575	104110841	-0.74
chr1	104755517	104755942	0.55
chr1	104756534	104756921	0.69
chr1	104763579	104764933	0.61
chr1	104985518	104986000	0.71
chr1	105320553	105320999	-0.72
chr1	105862702	105862980	0.87
chr1	106040016	106040908	0.55
chr1	106934623	106934999	-0.51
chr1	107093004	107093474	0.62
chr1	107221612	107222496	-0.57
chr1	107927002	107927484	0.7
chr1	108488001	108488468	0.55
chr1	109337657	109337918	0.76
chr1	109822220	109822981	0.73
chr1	109940006	109940453	-0.54
chr1	109993539	109993925	-0.64
chr1	110110507	110110996	-0.73
chr1	110111506	110115462	-0.75
chr1	110192001	110192387	-0.66
chr1	111271558	111271996	0.62
chr1	112720503	112721476	-0.78
chr1	112751004	112751455	-0.56
chr1	112776021	112776445	-0.82
chr1	112780135	112780472	-0.69
chr1	112818544	112818972	-0.53
chr1	112916002	112916965	0.59
chr1	113159066	113159485	0.6
chr1	113244502	113245499	-0.66
chr1	113270005	113270497	-0.68
chr1	114449512	114450492	-0.66
chr1	114465516	114467447	-0.7
chr1	114470516	114472000	-0.69
chr1	114479502	114479963	-0.61
chr1	115098505	115099500	-0.64
chr1	115310504	115312997	-0.71
chr1	115320624	115320998	-0.67
chr1	115321510	115321921	-0.59
chr1	116714100	116714993	0.66
chr1	116757004	116757489	-0.7
chr1	116908014	116910379	0.85
chr1	117224503	117224999	-0.52
chr1	117533187	117533988	-0.56
chr1	117628016	117628464	-0.74
chr1	117727530	117728343	0.54
chr1	117781011	117781478	-0.69
chr1	117875510	117875977	0.56
chr1	117885624	117885994	0.71
chr1	117984002	117984989	-0.58
chr1	118079005	118079980	0.65
chr1	118103503	118103997	-0.69
chr1	118270513	118270967	-0.78
chr1	118454001	118454483	-0.73
chr1	118465508	118466500	0.71
chr1	118495001	118495978	0.7
chr1	118499001	118499492	0.61
chr1	118657001	118657975	-0.61
chr1	118857598	118857995	-0.74
chr1	118867006	118867437	-0.72
chr1	119353032	119353494	-0.65
chr1	119946017	119947350	0.66
chr1	120110510	120110991	-0.69
chr1	120512005	120512500	0.57
chr1	120939001	120939449	0.79
chr1	121924547	121925987	0.72
chr1	122112023	122112500	-0.59
chr1	122903051	122903498	-0.59
chr1	123278028	123278498	-0.64
chr1	124215044	124215999	-0.62
chr1	124358008	124358926	0.64
chr1	124490061	124490485	-0.69
chr1	124497502	124498487	-0.64
chr1	124518010	124518488	-0.51
chr1	124798002	124798470	-0.69
chr1	125391529	125392981	-0.58
chr1	125484544	125484989	-0.6
chr1	125485504	125486000	-0.66
chr1	125808007	125808500	-0.53
chr1	126116501	126116986	-0.73
chr1	126162016	126163000	-0.57
chr1	126276002	126276499	0.68
chr1	126301048	126301482	-0.71
chr1	126599530	126599920	0.61
chr1	126725081	126725951	-0.66
chr1	126736006	126736500	-0.61
chr1	126797528	126798000	0.68
chr1	127254062	127256498	-0.68
chr1	129362013	129362489	-0.57
chr1	129781005	129781966	0.63
chr1	131211502	131212497	-0.61
chr1	131397022	131397268	-0.73
chr1	131514016	131514495	0.61
chr1	131997005	131997485	0.64
chr1	133134520	133134985	-0.51
chr1	135498001	135498947	0.64
chr1	137727001	137727491	0.7
chr1	138659040	138659488	-0.56
chr1	140267538	140268978	-0.78
chr1	140872508	140873493	0.59
chr1	141569026	141569486	-0.78
chr1	141861501	141862499	-0.64
chr1	141863021	141864972	-0.73
chr1	142256549	142257489	0.64
chr1	142530080	142531437	-0.59
chr1	142608609	142608983	-0.66
chr1	142750157	142750445	-0.54
chr1	142830504	142830991	-0.61
chr1	143158033	143158979	0.64
chr1	143486501	143486997	-0.67
chr1	143487593	143487996	-0.64
chr1	143489005	143489500	0.7
chr1	143490515	143491499	0.65
chr1	143508508	143509497	-0.55
chr1	143916542	143916965	0.66
chr1	144835058	144835483	0.54
chr1	144865009	144865489	-0.75
chr1	145329580	145329886	0.63
chr1	145352060	145352960	0.68
chr1	145473558	145473985	0.55
chr1	145697027	145697484	0.58
chr1	145698064	145698987	0.69
chr1	145971574	145972476	0.67
chr1	145973535	145974489	0.78
chr1	146011501	146011957	-0.5
chr1	146024085	146024395	-0.63
chr1	146399008	146399391	-0.57
chr1	146614517	146614985	-0.88
chr1	146875517	146876475	0.67
chr1	147283016	147283954	0.64
chr1	148443001	148443997	-0.65
chr1	148502055	148502995	0.66
chr1	148767537	148767967	0.86
chr1	148768502	148768933	0.64
chr1	148829021	148829438	-0.54
chr1	149110590	149110952	-0.71
chr1	149111571	149111962	-0.51
chr1	149112535	149112997	-0.77
chr1	149114595	149114980	-0.67
chr1	149124511	149124944	-0.71
chr1	149529020	149529500	0.72
chr1	149546507	149546981	-0.57
chr1	149604011	149604431	0.64
chr1	150118557	150119493	-0.74
chr1	150173001	150173499	0.51
chr1	150641205	150641449	0.68
chr1	150695528	150695986	-0.77
chr1	150720053	150720500	0.57
chr1	150770507	150770985	0.55
chr1	151111018	151111491	-0.8
chr1	151634515	151635925	-0.77
chr1	152111501	152113000	-0.61
chr1	155061570	155061983	0.51
chr1	155198007	155198490	0.68
chr1	155230034	155230461	-0.78
chr1	157056005	157056481	-0.67
chr1	157114008	157114486	-0.77
chr1	157202001	157202497	0.56
chr1	157350048	157350993	-0.62
chr1	157826502	157826998	0.55
chr1	157832008	157832984	0.62
chr1	157892025	157892483	0.83
chr1	157901013	157901980	0.59
chr1	157978093	157978498	-0.74
chr1	158006601	158006995	0.68
chr1	158030038	158031430	-0.76
chr1	158115601	158115989	-0.73
chr1	158271013	158271979	-0.6
chr1	159426545	159426997	-0.61
chr1	159637018	159637997	-0.69
chr1	159704056	159704974	-0.74
chr1	159722001	159722499	0.69
chr1	159896513	159896990	-0.59
chr1	159897501	159897977	0.71
chr1	160092035	160092487	0.72
chr1	160127005	160127417	-0.65
chr1	160336531	160337444	0.68
chr1	160592002	160592486	-0.72
chr1	160598539	160598995	0.7
chr1	160612080	160612495	0.52
chr1	160774028	160774999	0.67
chr1	160870013	160870999	0.64
chr1	161177513	161177987	-0.63
chr1	161481044	161481847	0.65
chr1	161587580	161587973	0.59
chr1	161708012	161709992	0.82
chr1	161710501	161711481	0.78
chr1	161750036	161750482	0.71
chr1	162336514	162336981	-0.64
chr1	162885501	162885994	-0.65
chr1	163134501	163134937	-0.83
chr1	163238057	163238481	-0.82
chr1	163304598	163304995	-0.62
chr1	163425180	163426483	0.78
chr1	163435002	163435975	-0.65
chr1	163443515	163443970	0.69
chr1	163457749	163457999	0.75
chr1	163539003	163540000	-0.69
chr1	163589515	163590482	-0.7
chr1	163626503	163626976	-0.64
chr1	163695519	163695985	-0.78
chr1	163716512	163717449	-0.57
chr1	164147002	164147499	0.51
chr1	164778001	164778366	-0.61
chr1	164955511	164955987	0.78
chr1	164978002	164978490	0.73
chr1	165163033	165163943	0.71
chr1	165170065	165170467	-0.62
chr1	165242509	165242997	0.63
chr1	165377564	165379416	-0.7
chr1	165434535	165435996	-0.64
chr1	165831030	165831499	0.59
chr1	166349503	166349999	-0.59
chr1	166618501	166619936	0.71
chr1	166751005	166751487	-0.84
chr1	166929524	166929991	0.63
chr1	167317583	167317962	-0.51
chr1	167678108	167678466	0.53
chr1	167748507	167748989	-0.64
chr1	168051539	168052000	-0.73
chr1	168125532	168125942	-0.71
chr1	168390008	168390402	-0.7
chr1	168913636	168913958	0.7
chr1	169188553	169189484	0.67
chr1	169685506	169685986	0.6
chr1	169700505	169700857	0.73
chr1	170292103	170292492	-0.75
chr1	170346521	170347430	-0.59
chr1	170359619	170359993	0.54
chr1	170431001	170431498	-0.66
chr1	170521077	170521865	0.64
chr1	170544002	170544911	-0.61
chr1	170993511	170993993	-0.53
chr1	171197503	171198974	-0.74
chr1	171510041	171510492	-0.77
chr1	171717526	171717982	0.5
chr1	171931504	171931994	0.57
chr1	174220540	174220978	-0.53
chr1	174818506	174818996	0.72
chr1	174820545	174820998	0.7
chr1	175079509	175081999	0.78
chr1	175154567	175154983	0.75
chr1	175381038	175381464	0.62
chr1	176494531	176494995	0.72
chr1	189280010	189280461	0.63
chr1	189417006	189417499	0.51
chr1	189499035	189499500	-0.52
chr1	190050508	190050975	-0.6
chr1	190074502	190074997	-0.72
chr1	190228019	190228478	-0.58
chr1	190259011	190259461	0.68
chr1	190293565	190293889	-0.68
chr1	190500029	190500430	0.63
chr1	190540023	190540474	0.57
chr1	190541007	190541332	0.77
chr1	190547002	190547997	-0.59
chr1	190550004	190550985	-0.6
chr1	190945002	190945498	-0.72
chr1	190948055	190948495	0.74
chr1	190960014	190960999	0.74
chr1	191230007	191230446	0.59
chr1	191825009	191825451	0.88
chr1	191911064	191911435	0.54
chr1	192020546	192020995	0.52
chr1	192051188	192051484	0.6
chr1	192364502	192364987	0.63
chr1	192430517	192431499	0.69
chr1	192668016	192668488	0.79
chr1	192681073	192681496	0.82
chr1	192988009	192988487	-0.65
chr1	193520144	193520475	0.85
chr1	193530506	193530998	0.73
chr1	194362001	194362480	-0.73
chr1	194544007	194544429	-0.89
chr1	194562515	194562989	0.85
chr1	194568002	194568496	-0.78
chr1	194572504	194572983	-0.9
chr1	194895032	194895500	0.58
chr1	194910052	194910500	0.76
chr1	194912116	194912419	0.69
chr1	195016013	195016500	0.7
chr1	195031051	195031465	0.66
chr1	195290012	195290398	0.8
chr1	195624005	195624500	0.54
chr1	195922534	195923000	0.69
chr1	196129509	196129997	0.8
chr1	196516536	196516996	0.68
chr1	196517505	196517989	0.72
chr1	196893516	196893901	0.58
chr1	196941511	196941997	0.81
chr1	197068501	197068991	0.76
chr1	197072009	197072495	0.69
chr1	197135504	197135931	0.64
chr1	197641507	197641985	0.53
chr1	197757748	197757985	0.52
chr1	197891513	197891992	-0.82
chr1	198298535	198299500	0.78
chr1	198611002	198614960	-0.78
chr1	198615533	198615918	-0.56
chr1	198649006	198649458	-0.68
chr1	199005533	199005998	-0.76
chr1	199027035	199027473	-0.77
chr1	199189042	199189991	-0.81
chr1	199802510	199803365	-0.63
chr1	200427044	200427989	-0.54
chr1	201187521	201187944	-0.8
chr1	201355517	201355915	-0.65
chr1	201466514	201467000	-0.65
chr1	201519552	201519993	-0.6
chr1	201756535	201756994	0.73
chr1	201881002	201881495	0.7
chr1	202547013	202548336	0.67
chr1	202552019	202552443	0.66
chr1	202955507	202955990	0.83
chr1	203009506	203009966	0.73
chr1	203343514	203343953	-0.54
chr1	203428012	203428477	0.68
chr1	204342501	204342988	0.5
chr1	204391502	204391995	-0.69
chr1	204608519	204608995	-0.72
chr1	204947535	204947989	-0.71
chr1	205039536	205039946	-0.77
chr1	205064502	205065901	0.76
chr1	205073001	205073499	-0.58
chr1	205074502	205074969	-0.71
chr1	205397506	205397998	0.67
chr1	205452089	205452983	-0.59
chr1	205456021	205456986	-0.62
chr1	205674509	205674994	-0.68
chr1	205699523	205700496	0.69
chr1	205836021	205836500	0.75
chr1	205848034	205849000	0.7
chr1	205938030	205938395	0.79
chr1	206026002	206026999	0.62
chr1	206061501	206061942	0.77
chr1	206078507	206078962	-0.57
chr1	206092517	206092919	-0.6
chr1	206093502	206093971	-0.62
chr1	206166529	206166993	0.58
chr1	206259001	206259440	-0.9
chr1	206305036	206305494	0.65
chr1	206649508	206649994	-0.58
chr1	207059506	207059997	0.67
chr1	207472512	207473494	-0.64
chr1	207519002	207519388	0.93
chr1	207780010	207780489	-0.59
chr1	208384516	208384992	0.69
chr1	209029504	209029967	0.7
chr1	209159508	209160470	-0.77
chr1	209511038	209511480	-0.56
chr1	209855518	209856000	0.67
chr1	209859014	209859428	0.65
chr1	210129003	210129474	-0.65
chr1	210131020	210131934	-0.61
chr1	210150015	210151481	-0.71
chr1	210163091	210163981	0.74
chr1	210166002	210166400	0.61
chr1	210199074	210199477	0.64
chr1	211399033	211399471	0.69
chr1	211481030	211481500	0.5
chr1	212442133	212443000	-0.83
chr1	212653504	212653996	0.51
chr1	212672550	212672986	0.74
chr1	212846520	212846994	0.61
chr1	212853024	212853467	0.55
chr1	213168029	213168498	-0.52
chr1	213325050	213325478	0.84
chr1	213435537	213435986	0.6
chr1	213517554	213517936	-0.6
chr1	213628140	213628484	0.84
chr1	213696105	213696494	0.69
chr1	213698512	213698989	0.77
chr1	213751030	213751495	-0.68
chr1	213894011	213894472	-0.62
chr1	214133182	214133485	0.66
chr1	214439002	214439491	0.8
chr1	215810517	215810999	0.56
chr1	216783506	216783985	0.66
chr1	217885586	217885936	-0.57
chr1	218855001	218855497	-0.79
chr1	220307507	220307975	-0.74
chr1	220320122	220321472	0.73
chr1	220481034	220481485	0.5
chr1	220737029	220737500	0.76
chr1	221064012	221064994	0.84
chr1	221122015	221122470	0.58
chr1	221127544	221127992	0.66
chr1	221253005	221253489	-0.63
chr1	221554008	221554992	-0.68
chr1	221624001	221624447	0.66
chr1	222022004	222022498	-0.63
chr1	222196512	222196972	-0.52
chr1	222665502	222665996	0.83
chr1	222779006	222779977	0.76
chr1	227110014	227110470	0.68
chr1	227128001	227128483	-0.64
chr1	261918511	261918968	-0.58
chr1	281281531	281282000	-0.57
chr1	295712517	295712988	-0.76
chr10	7301016	7301484	0.56
chr10	10576518	10576996	-0.54
chr10	10646022	10646448	-0.69
chr10	10834073	10834498	0.52
chr10	11416501	11416950	0.66
chr10	11664068	11664486	-0.63
chr10	11884503	11884993	-0.66
chr10	11923039	11923496	-0.69
chr10	12482004	12482491	0.72
chr10	12743502	12743979	-0.73
chr10	12796010	12796471	0.7
chr10	12797093	12797416	0.62
chr10	13698539	13698980	0.5
chr10	13734044	13734931	-0.8
chr10	13788511	13788999	-0.54
chr10	13796017	13796500	0.54
chr10	13809003	13809470	-0.74
chr10	14159522	14159937	-0.81
chr10	14719613	14720491	-0.65
chr10	14919037	14919459	-0.5
chr10	15335091	15335986	0.81
chr10	15336537	15336989	0.68
chr10	15395001	15395454	-0.67
chr10	15582031	15582492	-0.74
chr10	15583002	15583496	-0.56
chr10	15706034	15706973	0.64
chr10	16024626	16024995	-0.77
chr10	16068016	16068500	-0.78
chr10	16559071	16559482	0.5
chr10	17078109	17078493	0.71
chr10	17748509	17750492	0.78
chr10	18997506	18997801	0.58
chr10	19051507	19051992	0.83
chr10	19208529	19208999	0.74
chr10	19266565	19267480	-0.61
chr10	19382512	19382980	-0.71
chr10	19601505	19602447	-0.65
chr10	19776517	19776992	-0.75
chr10	19928511	19928951	0.56
chr10	20619077	20619499	-0.69
chr10	20839175	20839476	-0.74
chr10	21377001	21377985	-0.6
chr10	21490510	21491472	0.59
chr10	21492002	21492894	0.74
chr10	21493509	21494437	0.63
chr10	21510524	21510948	0.69
chr10	21511587	21511998	0.53
chr10	21515502	21516746	0.84
chr10	21530081	21530497	-0.66
chr10	22026001	22026488	0.57
chr10	22053014	22053977	-0.66
chr10	23683508	23683990	0.6
chr10	23687049	23687495	-0.63
chr10	23762032	23762908	0.67
chr10	23773507	23773982	-0.58
chr10	23891001	23891372	-0.76
chr10	23950503	23951395	0.74
chr10	23997006	23997994	-0.62
chr10	24063020	24063991	-0.74
chr10	24121046	24121995	-0.76
chr10	24270012	24270487	-0.69
chr10	24291013	24291500	0.56
chr10	24338050	24338991	0.56
chr10	24462252	24462498	0.52
chr10	24491502	24491991	-0.55
chr10	24622086	24622496	0.53
chr10	24625074	24625497	0.58
chr10	24700054	24700888	0.71
chr10	24752063	24752495	-0.6
chr10	24855020	24855464	0.73
chr10	24931575	24931976	0.54
chr10	24949558	24949892	-0.78
chr10	24950534	24950999	-0.76
chr10	24998108	24998488	0.6
chr10	25009267	25009478	0.66
chr10	25239508	25239991	0.64
chr10	25240525	25240964	0.74
chr10	26350015	26350483	0.69
chr10	26849515	26850000	-0.67
chr10	26931011	26931471	-0.51
chr10	27172034	27172493	-0.76
chr10	28154530	28154991	-0.71
chr10	28366532	28367491	0.56
chr10	28491506	28491999	-0.69
chr10	28572562	28572969	-0.76
chr10	28709705	28709998	0.71
chr10	28710504	28710999	0.83
chr10	30086629	30086998	0.5
chr10	30269556	30270500	0.58
chr10	30362506	30362985	0.59
chr10	30428011	30428498	-0.51
chr10	30682556	30682988	-0.54
chr10	30922501	30922978	0.56
chr10	30959547	30959984	-0.72
chr10	30978526	30978982	0.52
chr10	31109519	31109998	0.59
chr10	31255041	31255487	0.88
chr10	31342683	31342990	0.83
chr10	31343503	31343977	0.7
chr10	31504001	31504993	-0.59
chr10	32079509	32080000	-0.65
chr10	32146017	32146497	0.55
chr10	32147001	32147996	-0.52
chr10	32305535	32305947	0.65
chr10	32398010	32398893	-0.66
chr10	34102034	34102441	-0.75
chr10	34384002	34384499	0.51
chr10	34447013	34447444	-0.67
chr10	34451007	34451500	-0.7
chr10	34764001	34764496	-0.67
chr10	35009501	35010450	0.78
chr10	35078032	35078478	-0.77
chr10	35294001	35294490	0.53
chr10	35481016	35481322	0.63
chr10	35948009	35948454	0.59
chr10	36509012	36509494	-0.61
chr10	37363004	37363498	0.61
chr10	37563023	37563479	0.64
chr10	37604101	37604491	-0.65
chr10	37937120	37937481	0.79
chr10	38286011	38286497	-0.58
chr10	38420538	38420985	-0.71
chr10	38460601	38460994	-0.7
chr10	38461502	38461982	-0.57
chr10	38794504	38794937	-0.76
chr10	38796538	38796996	0.54
chr10	39794020	39794467	-0.77
chr10	39808528	39808961	-0.76
chr10	39809507	39810963	-0.78
chr10	40095570	40096999	-0.61
chr10	40132639	40133491	-0.71
chr10	40141547	40141952	-0.53
chr10	40145527	40145997	-0.64
chr10	40155547	40155999	-0.77
chr10	40745529	40745910	0.6
chr10	40762025	40762483	-0.67
chr10	40896502	40896999	0.58
chr10	41200504	41200984	-0.79
chr10	41240526	41241499	-0.63
chr10	41411262	41411498	0.57
chr10	41479503	41479981	-0.56
chr10	41890501	41890984	0.67
chr10	42017504	42017992	-0.58
chr10	42751037	42752499	0.68
chr10	44051015	44051495	-0.62
chr10	44052008	44052475	-0.72
chr10	44089502	44089993	0.53
chr10	44167578	44168461	0.68
chr10	44606001	44606982	-0.63
chr10	45008057	45009494	0.55
chr10	45548607	45548981	-0.53
chr10	45570593	45570977	-0.64
chr10	45578512	45578966	-0.63
chr10	45724507	45724992	-0.53
chr10	46062018	46063470	-0.56
chr10	47327030	47328993	0.73
chr10	48099508	48099995	-0.87
chr10	48101503	48102494	-0.63
chr10	48770005	48770475	0.66
chr10	48819001	48819494	-0.66
chr10	49101503	49102444	0.68
chr10	50394501	50394999	-0.75
chr10	50512019	50513455	-0.63
chr10	50516620	50516999	0.77
chr10	50517521	50517888	0.66
chr10	50771578	50771970	-0.73
chr10	50851502	50852452	0.62
chr10	51126508	51126997	-0.87
chr10	51129002	51129439	-0.86
chr10	51318070	51318999	-0.68
chr10	51538015	51538482	-0.5
chr10	51845048	51845446	0.57
chr10	52172010	52172983	-0.61
chr10	52237002	52237944	-0.64
chr10	52321503	52321974	-0.88
chr10	53010048	53010498	0.58
chr10	53013082	53014500	-0.72
chr10	53306519	53306983	-0.63
chr10	53542515	53543453	-0.67
chr10	53645535	53645926	-0.77
chr10	53826501	53826989	-0.65
chr10	54268002	54269369	-0.61
chr10	54606504	54606968	0.72
chr10	54682518	54682862	-0.66
chr10	54800005	54800971	-0.63
chr10	54937532	54937999	0.62
chr10	55545528	55545998	-0.68
chr10	55571519	55572000	-0.72
chr10	55814028	55815400	0.65
chr10	55977525	55978494	0.72
chr10	56260016	56260467	0.64
chr10	56356518	56356960	0.58
chr10	56360696	56361993	0.66
chr10	56436511	56437490	0.68
chr10	56516518	56517495	-0.7
chr10	56992587	56992986	0.61
chr10	57030508	57030980	0.76
chr10	57716523	57717456	0.66
chr10	58605022	58607499	0.68
chr10	58744505	58744993	-0.66
chr10	59955538	59955970	0.75
chr10	59956503	59956931	0.68
chr10	62020001	62020986	0.61
chr10	62082002	62082975	0.66
chr10	62336047	62336496	0.65
chr10	62337030	62337496	0.67
chr10	62706020	62706500	0.52
chr10	62777502	62778499	0.7
chr10	63211131	63211987	-0.76
chr10	63730593	63730934	0.72
chr10	63927523	63927976	0.51
chr10	64181026	64181484	0.52
chr10	64234003	64234444	-0.61
chr10	64470533	64470975	-0.68
chr10	64673502	64673946	-0.63
chr10	64830520	64830989	0.83
chr10	64862508	64862989	-0.53
chr10	65524021	65524244	-0.54
chr10	65525005	65525772	-0.65
chr10	65732031	65732982	-0.6
chr10	65901035	65901490	-0.75
chr10	66205003	66205473	-0.55
chr10	66208524	66208903	0.76
chr10	66521009	66521453	0.72
chr10	67891021	67891489	-0.52
chr10	68049529	68049949	0.74
chr10	68348034	68348491	0.63
chr10	68353591	68354987	-0.59
chr10	68648535	68649479	0.64
chr10	68921629	68921997	0.95
chr10	68925001	68925478	0.79
chr10	68926095	68926500	0.71
chr10	69404063	69405000	-0.63
chr10	69704514	69704999	-0.71
chr10	70058002	70058496	-0.54
chr10	70059532	70059998	-0.6
chr10	70107011	70107499	-0.76
chr10	70875044	70875493	-0.71
chr10	70879505	70879997	-0.68
chr10	70985514	70985860	-0.65
chr10	72075706	72076966	0.7
chr10	72082071	72082487	0.61
chr10	72127010	72127499	-0.66
chr10	72473011	72473472	-0.72
chr10	72494066	72494482	-0.71
chr10	72803605	72804499	-0.66
chr10	72946120	72946913	0.69
chr10	72952018	72952476	0.73
chr10	72954037	72954432	0.66
chr10	73055590	73056000	0.54
chr10	73570064	73570500	-0.75
chr10	73628569	73629958	-0.64
chr10	73645010	73645469	0.74
chr10	73919539	73920500	-0.68
chr10	74037514	74037980	-0.55
chr10	74379077	74379489	0.52
chr10	74754504	74755481	0.68
chr10	74757016	74757474	-0.51
chr10	76093006	76093451	0.59
chr10	76133009	76133475	-0.54
chr10	76470027	76470482	0.51
chr10	77676013	77676464	0.59
chr10	77742525	77742993	-0.58
chr10	77753004	77754479	0.72
chr10	78043001	78043461	0.68
chr10	78193655	78193995	-0.54
chr10	78535540	78535963	0.7
chr10	79216007	79216410	0.7
chr10	79262054	79262496	-0.55
chr10	79288024	79288491	-0.52
chr10	79533554	79533995	-0.65
chr10	79576001	79576497	-0.82
chr10	80010001	80010492	-0.63
chr10	80080048	80080486	0.56
chr10	80378618	80378931	0.66
chr10	80395540	80396000	-0.75
chr10	81156038	81156437	0.71
chr10	81441511	81441999	-0.71
chr10	81541033	81541498	-0.55
chr10	82095022	82096499	-0.72
chr10	82550509	82550928	-0.69
chr10	82551502	82551950	-0.73
chr10	82950505	82951000	0.75
chr10	82955502	82956495	-0.6
chr10	82959085	82959999	-0.75
chr10	82962567	82962950	-0.63
chr10	83129512	83129908	0.78
chr10	83662519	83662991	-0.64
chr10	83686506	83687000	-0.72
chr10	83700501	83700988	0.64
chr10	83842692	83843498	0.7
chr10	83935015	83935460	0.65
chr10	83984064	83984481	-0.87
chr10	84122076	84122449	0.57
chr10	84547002	84547497	0.54
chr10	84548019	84550435	0.85
chr10	84551003	84551964	0.78
chr10	84564004	84564494	0.54
chr10	84569032	84570463	-0.59
chr10	84674015	84674491	-0.83
chr10	85596007	85596491	0.56
chr10	85646008	85646500	-0.81
chr10	85846001	85846490	0.55
chr10	86731005	86731485	-0.67
chr10	86885002	86885993	0.87
chr10	87221515	87221892	0.61
chr10	87314002	87314986	-0.78
chr10	87456001	87456457	-0.69
chr10	88150027	88150471	0.6
chr10	88561509	88561997	0.91
chr10	88752593	88753491	-0.79
chr10	88759508	88759999	-0.67
chr10	88770507	88770954	0.63
chr10	88887041	88888446	0.66
chr10	89421012	89421394	0.54
chr10	89742007	89743474	0.67
chr10	89889746	89889990	-0.52
chr10	89890502	89890988	-0.51
chr10	90423512	90423994	-0.73
chr10	92218068	92218496	-0.73
chr10	92313528	92314000	-0.63
chr10	92768007	92768491	0.79
chr10	92912517	92912994	-0.64
chr10	93632536	93632999	0.56
chr10	93922692	93923000	0.62
chr10	93923505	93923924	0.69
chr10	93939551	93941483	-0.78
chr10	94130511	94131488	0.74
chr10	94277081	94277952	0.77
chr10	94390021	94390983	0.52
chr10	95124021	95124994	0.73
chr10	95195001	95195489	-0.64
chr10	95357534	95357999	-0.51
chr10	95453043	95453487	0.7
chr10	95463519	95463999	-0.62
chr10	95860078	95860488	-0.88
chr10	95932091	95932490	-0.57
chr10	96021002	96021943	-0.71
chr10	96272051	96272494	0.78
chr10	96335501	96336000	-0.68
chr10	96653555	96654448	-0.73
chr10	96948528	96948989	-0.59
chr10	97216061	97216479	0.51
chr10	97817171	97817429	0.78
chr10	97818005	97818905	0.72
chr10	98003001	98003482	0.72
chr10	98124584	98125499	-0.69
chr10	98131004	98131397	-0.79
chr10	99127002	99127500	-0.77
chr10	99271054	99271399	0.8
chr10	99569670	99569967	-0.75
chr10	99571001	99571442	-0.71
chr10	99805507	99805991	-0.75
chr10	99892522	99892962	-0.68
chr10	99919007	99919470	-0.63
chr10	100072514	100072900	-0.91
chr10	100101503	100101987	-0.5
chr10	100231520	100231904	0.69
chr10	100768501	100768956	-0.8
chr10	101011516	101011830	-0.65
chr10	101684140	101685494	-0.8
chr10	101876501	101876992	0.66
chr10	101912568	101912997	-0.56
chr10	102406005	102406496	-0.55
chr10	102527510	102528490	0.7
chr10	103050026	103050487	-0.71
chr10	103159512	103160377	-0.61
chr10	103227518	103228452	-0.73
chr10	103485726	103485983	0.57
chr10	103646031	103647265	-0.66
chr10	103695558	103695999	0.52
chr10	103794155	103794442	0.61
chr10	104275508	104276499	-0.8
chr10	104514004	104514463	-0.6
chr10	104815007	104815500	0.77
chr10	104904501	104905494	-0.82
chr10	105045004	105045489	0.81
chr10	105636506	105637419	0.76
chr10	105657504	105657968	-0.69
chr10	106760514	106760979	-0.51
chr10	106762057	106762486	-0.74
chr10	107167507	107167996	-0.82
chr10	107284018	107284381	-0.57
chr10	107311003	107311955	0.59
chr10	107633586	107633866	0.88
chr10	107935509	107936000	-0.73
chr10	107998001	107998495	-0.73
chr10	108392003	108392940	-0.54
chr10	108468006	108468491	0.65
chr10	109832015	109832498	0.68
chr10	109834526	109834984	0.59
chr10	109972660	109972994	0.55
chr10	112164557	112164932	0.7
chr10	112242511	112242991	-0.56
chr10	112344519	112344924	0.64
chr10	112401007	112401460	0.66
chr10	112971026	112971988	0.76
chr10	113165510	113166422	-0.6
chr10	113213510	113213973	0.74
chr10	113458002	113458971	-0.66
chr10	113472038	113472487	0.73
chr10	113704506	113705445	-0.74
chr10	114064055	114064500	-0.59
chr10	114293648	114293962	-0.6
chr10	114424004	114425496	-0.64
chr10	114464012	114464446	0.72
chr10	114663070	114663444	-0.6
chr10	114686548	114686973	-0.62
chr10	114695508	114695975	-0.51
chr10	114709545	114710000	0.69
chr10	115145009	115145485	0.55
chr10	115499510	115499997	-0.62
chr10	115748527	115748958	-0.6
chr10	115923503	115923978	0.64
chr10	116047502	116048500	-0.57
chr10	116081516	116081997	0.6
chr10	116300541	116300991	0.79
chr10	116626615	116626974	-0.62
chr10	116628612	116629000	-0.76
chr10	116717002	116717467	0.61
chr10	117012023	117012500	-0.52
chr10	117256515	117256988	0.65
chr10	117298528	117298896	-0.71
chr10	117310522	117310975	0.6
chr10	117396013	117396497	-0.68
chr10	117606006	117606433	-0.58
chr10	117663715	117663983	0.73
chr10	117737510	117737983	-0.75
chr10	117739018	117739420	-0.74
chr10	117740009	117740969	-0.58
chr10	117829013	117829489	0.73
chr10	117846531	117846825	0.77
chr10	118153028	118154455	0.71
chr10	118169507	118169979	-0.78
chr10	118740023	118740499	0.82
chr10	118787100	118787375	-0.76
chr10	118832548	118832804	-0.59
chr10	118846501	118846993	-0.74
chr10	119092190	119092411	-0.83
chr10	119206003	119206363	-0.72
chr10	119216501	119216991	-0.86
chr10	119735504	119737499	-0.77
chr10	119754036	119754495	-0.78
chr10	119883001	119883401	-0.58
chr10	119999004	119999483	0.6
chr10	120014510	120014975	-0.69
chr10	120018093	120018418	-0.6
chr10	120080045	120080452	-0.92
chr10	120090502	120090988	0.69
chr10	120219517	120219980	-0.66
chr10	120259504	120259981	-0.64
chr10	120426513	120426986	0.6
chr10	121011502	121011990	0.58
chr10	121267501	121267762	-0.78
chr10	121520510	121520895	-0.61
chr10	121998050	121998474	-0.82
chr10	122294507	122295387	-0.73
chr10	122430566	122431000	-0.81
chr10	122848515	122849000	0.87
chr10	123359504	123359856	-0.59
chr10	123362504	123362987	0.77
chr10	123756506	123756990	0.55
chr10	123978518	123978999	-0.69
chr10	124381516	124381969	0.59
chr10	125012545	125012995	-0.57
chr10	125021211	125021500	-0.85
chr10	125381678	125382500	0.62
chr10	125387021	125387487	-0.69
chr10	125611587	125611963	-0.54
chr10	126007553	126007993	0.61
chr10	126078005	126079476	-0.68
chr10	126193031	126193391	0.57
chr10	126212528	126213370	0.59
chr10	126375005	126375500	0.63
chr10	126604578	126605959	0.67
chr10	126795511	126795938	0.58
chr10	127491510	127491989	0.91
chr10	127493501	127493642	0.58
chr10	127607503	127607997	0.52
chr10	127952506	127952965	-0.58
chr10	127956165	127956486	0.52
chr10	128020515	128020985	0.65
chr10	128259045	128259458	-0.84
chr10	128264103	128264487	0.55
chr10	128443503	128444496	0.68
chr10	128559003	128559481	0.56
chr10	128568052	128568402	-0.72
chr10	128574504	128574992	-0.77
chr10	129394119	129394999	0.59
chr10	129470520	129472000	-0.66
chr10	129833514	129833985	-0.78
chr10	130023523	130023925	-0.85
chr10	131399504	131399922	-0.66
chr10	131450008	131450494	0.56
chr10	131567007	131567492	0.55
chr10	131881004	131881456	0.56
chr10	132000006	132000474	-0.69
chr10	132087503	132087982	-0.57
chr10	132775511	132775872	0.74
chr10	132953017	132953495	-0.54
chr10	133029509	133029899	0.72
chr10	133437020	133437480	-0.52
chr10	133614085	133614497	-0.77
chr10	133809504	133809977	-0.77
chr10	134313643	134313963	-0.82
chr10	134391039	134391465	0.76
chr10	134535021	134535500	-0.82
chr10	134577003	134577436	0.81
chr10	135328044	135328491	0.66
chr10	135330518	135331486	-0.7
chr10	135495082	135495498	-0.64
chr10	136021512	136021993	-0.77
chr10	136053009	136053499	-0.76
chr10	136225023	136225433	-0.75
chr10	136314014	136314490	-0.65
chr10	136320003	136320431	-0.52
chr10	136477002	136477415	-0.55
chr10	136753516	136755500	-0.75
chr10	137212035	137212465	-0.71
chr10	137354062	137354450	-0.7
chr10	137689513	137689989	-0.53
chr10	138051505	138051995	-0.55
chr10	138086003	138086319	0.73
chr10	138124016	138124496	0.71
chr10	138533104	138533490	-0.53
chr10	138636502	138636985	-0.55
chr10	138875006	138875468	-0.75
chr10	138878005	138878904	0.63
chr10	138932515	138932971	-0.55
chr10	139066512	139066950	0.58
chr10	139364502	139365498	-0.73
chr10	139366509	139366980	0.55
chr10	139370501	139370999	0.77
chr10	139922562	139922968	0.62
chr10	139928534	139928931	-0.57
chr10	140117532	140117947	-0.73
chr10	140118525	140118970	0.61
chr10	140225002	140226000	0.69
chr10	140833510	140833988	0.54
chr2	9797514	9799978	-0.72
chr2	10060517	10060992	0.56
chr2	10218049	10218477	-0.51
chr2	10336014	10336480	-0.84
chr2	10372010	10372485	0.66
chr2	10578014	10578487	-0.84
chr2	10655504	10655970	0.54
chr2	10831017	10831494	0.69
chr2	11255511	11255877	-0.67
chr2	11428099	11428500	-0.69
chr2	11474011	11474484	0.65
chr2	11556017	11557000	-0.66
chr2	11651504	11651916	-0.59
chr2	11669584	11669999	0.91
chr2	11684561	11685479	-0.75
chr2	11711522	11711979	-0.52
chr2	12229018	12229410	0.58
chr2	12414026	12414939	-0.74
chr2	12759574	12759967	-0.55
chr2	12838016	12838489	-0.73
chr2	12839008	12839989	-0.85
chr2	13158524	13158973	0.71
chr2	13179018	13179495	0.77
chr2	13290005	13291493	-0.71
chr2	13433507	13433990	-0.59
chr2	14039043	14039499	-0.71
chr2	14127016	14127496	0.58
chr2	14132010	14132459	0.81
chr2	14464032	14464423	-0.62
chr2	14587016	14587492	0.74
chr2	14906526	14906991	-0.6
chr2	15168515	15168935	0.64
chr2	15707502	15707969	0.62
chr2	15734569	15734995	0.6
chr2	16068018	16069373	-0.78
chr2	16070029	16070986	-0.69
chr2	16092002	16092475	0.54
chr2	16096032	16096908	0.74
chr2	16818062	16818498	0.54
chr2	16958062	16958433	-0.72
chr2	17233093	17233497	0.67
chr2	18168003	18168397	0.79
chr2	18432557	18432999	0.66
chr2	18446152	18446263	-0.63
chr2	18468071	18468400	0.59
chr2	18625005	18625457	-0.68
chr2	19902552	19902897	0.51
chr2	20009036	20009475	0.58
chr2	20382533	20382999	0.89
chr2	20405012	20405987	-0.66
chr2	20919019	20919496	-0.56
chr2	20941019	20941500	0.53
chr2	21337599	21337988	0.53
chr2	21403019	21403492	0.75
chr2	22137504	22137999	0.67
chr2	22138560	22139979	0.76
chr2	22249107	22249497	-0.55
chr2	23108514	23108989	-0.52
chr2	23166534	23166933	0.76
chr2	23203597	23204483	0.8
chr2	23395002	23395492	0.62
chr2	23488048	23488403	-0.75
chr2	23521004	23521489	-0.54
chr2	24063501	24063998	0.55
chr2	24215755	24215991	-0.63
chr2	24297004	24297499	-0.62
chr2	24392514	24392988	-0.61
chr2	24396538	24396976	-0.51
chr2	24416002	24416477	-0.67
chr2	25252503	25252995	0.71
chr2	25264522	25264980	-0.51
chr2	25971549	25971988	-0.64
chr2	25973007	25973952	-0.69
chr2	26000514	26001443	-0.67
chr2	26036055	26036350	-0.6
chr2	26147050	26147478	-0.6
chr2	26246007	26247419	0.69
chr2	26418501	26418982	0.6
chr2	26424503	26425995	0.77
chr2	26426510	26426975	0.83
chr2	26428021	26428404	0.86
chr2	26430035	26430486	0.63
chr2	26530506	26530992	0.57
chr2	26631527	26631982	0.55
chr2	26845031	26845460	-0.66
chr2	27153501	27153953	0.72
chr2	27204507	27204967	-0.62
chr2	27300502	27302470	0.81
chr2	27573565	27573988	0.75
chr2	27588035	27588460	0.65
chr2	28066506	28066966	-0.58
chr2	28225506	28226994	0.62
chr2	28575018	28575485	0.78
chr2	28576021	28576476	0.7
chr2	28959512	28959994	0.64
chr2	29043061	29043991	-0.61
chr2	29229006	29229494	0.6
chr2	29275019	29275489	-0.74
chr2	29362518	29362964	-0.69
chr2	30140502	30140997	0.58
chr2	30168079	30168943	0.77
chr2	30219002	30219995	0.74
chr2	30271029	30271498	0.62
chr2	30297581	30297959	-0.81
chr2	30298503	30298986	-0.62
chr2	30642169	30642487	-0.71
chr2	31815111	31815499	0.88
chr2	32361521	32362486	-0.58
chr2	32685024	32685484	0.63
chr2	33027502	33027997	0.76
chr2	33111003	33111500	-0.69
chr2	33154004	33154410	-0.71
chr2	33325507	33325992	-0.57
chr2	33446509	33446989	0.73
chr2	33551024	33551500	-0.56
chr2	33582001	33582484	0.64
chr2	33634044	33634453	0.76
chr2	33644032	33644490	0.72
chr2	33783001	33783481	0.77
chr2	33920521	33920935	0.83
chr2	34079511	34080000	-0.72
chr2	34249014	34249478	-0.58
chr2	34350029	34351485	0.7
chr2	34436562	34436980	-0.64
chr2	34605514	34605952	0.74
chr2	35377024	35377452	-0.55
chr2	35384007	35384408	-0.74
chr2	35415058	35415442	-0.75
chr2	35501043	35501494	0.82
chr2	35532576	35533999	-0.73
chr2	35733508	35733999	0.57
chr2	36298509	36298988	-0.71
chr2	37080517	37080987	-0.55
chr2	37113138	37113415	0.8
chr2	37118008	37118493	-0.55
chr2	37222049	37222994	0.77
chr2	37378066	37378432	0.71
chr2	37440002	37440488	0.83
chr2	37741054	37741462	0.66
chr2	37830002	37830474	-0.56
chr2	37984564	37984966	0.56
chr2	37986081	37986492	0.71
chr2	38116518	38117377	0.68
chr2	38191533	38191999	0.6
chr2	38193035	38193481	0.61
chr2	38331138	38331426	-0.74
chr2	38572031	38572488	-0.57
chr2	38672010	38672915	0.73
chr2	38673508	38673977	-0.78
chr2	38749068	38749990	-0.73
chr2	38756505	38756948	-0.81
chr2	38759064	38759486	-0.6
chr2	38974035	38974836	0.81
chr2	39381544	39381970	0.6
chr2	39399113	39399499	-0.77
chr2	39580531	39580974	-0.51
chr2	41763511	41763979	-0.66
chr2	42197004	42197476	-0.51
chr2	42451033	42451907	0.64
chr2	42908005	42908500	0.67
chr2	43783001	43783409	-0.55
chr2	43903505	43903959	-0.61
chr2	44201071	44201499	0.81
chr2	44202526	44202986	0.7
chr2	44320505	44320999	-0.81
chr2	44831060	44831454	-0.66
chr2	45577509	45577978	-0.87
chr2	45589010	45589464	0.68
chr2	45590002	45590492	0.75
chr2	46063007	46063483	-0.72
chr2	47850074	47850491	-0.58
chr2	48107008	48107484	-0.62
chr2	48285016	48285486	0.82
chr2	48389019	48389998	0.6
chr2	48517545	48517949	-0.61
chr2	48650546	48651464	-0.72
chr2	48652023	48652498	-0.52
chr2	48660008	48660487	-0.58
chr2	49071525	49071974	-0.79
chr2	49075506	49075982	-0.7
chr2	49564647	49564970	-0.72
chr2	50018048	50018970	0.69
chr2	50082065	50082392	-0.85
chr2	50096607	50097428	-0.8
chr2	50102614	50102958	-0.74
chr2	50200501	50200884	-0.73
chr2	50227501	50227906	0.51
chr2	50410006	50410494	-0.65
chr2	50617003	50617994	0.7
chr2	50820530	50820931	-0.57
chr2	50978543	50978987	-0.75
chr2	51045538	51045964	0.73
chr2	51166001	51167497	0.7
chr2	51515556	51515984	-0.93
chr2	51551545	51551994	-0.79
chr2	51668046	51668491	-0.61
chr2	51938515	51938939	-0.58
chr2	52547516	52547797	0.8
chr2	52722521	52722996	-0.56
chr2	53135542	53135998	-0.75
chr2	53326006	53326474	0.6
chr2	53488501	53488796	0.79
chr2	55236566	55236968	-0.71
chr2	55425513	55425956	0.7
chr2	55433020	55433978	0.65
chr2	55989544	55990000	0.6
chr2	56080001	56080376	0.86
chr2	56467526	56467998	0.64
chr2	56945663	56945946	-0.53
chr2	57069010	57069987	0.58
chr2	57292034	57292424	-0.71
chr2	57469003	57469497	-0.63
chr2	57603516	57603989	-0.6
chr2	57702622	57703485	-0.67
chr2	57724541	57724930	-0.74
chr2	58380028	58380499	0.53
chr2	58656003	58656434	0.85
chr2	59146535	59146977	-0.51
chr2	59481002	59481406	-0.79
chr2	59494533	59494995	0.73
chr2	59834001	59834495	-0.74
chr2	59835005	59835978	-0.62
chr2	60043508	60043984	-0.84
chr2	60634009	60634969	-0.68
chr2	60656002	60656499	-0.63
chr2	60657003	60657473	-0.79
chr2	60689503	60689884	-0.5
chr2	60693517	60693983	0.64
chr2	60898622	60898989	-0.53
chr2	60930002	60930498	-0.54
chr2	60961522	60961807	-0.65
chr2	61474006	61474990	-0.66
chr2	61952026	61952500	0.56
chr2	62106572	62106877	-0.67
chr2	62130010	62130490	0.5
chr2	62883015	62883497	0.73
chr2	63048501	63049447	-0.76
chr2	63105043	63105968	-0.71
chr2	63389185	63389472	-0.71
chr2	63627520	63627982	-0.59
chr2	63641508	63641946	-0.68
chr2	63951501	63951999	-0.55
chr2	65542551	65542999	-0.54
chr2	65567035	65567500	0.68
chr2	65671504	65671989	-0.65
chr2	66230508	66231984	0.69
chr2	66278029	66278463	0.81
chr2	66363011	66363499	0.53
chr2	66705003	66705479	-0.56
chr2	66706046	66706496	-0.5
chr2	67008034	67008991	0.76
chr2	67854509	67854993	0.62
chr2	67938136	67938495	-0.69
chr2	67998535	67998996	0.58
chr2	68463016	68463428	0.81
chr2	68478004	68478952	-0.74
chr2	68763509	68763999	-0.62
chr2	68853005	68853462	-0.67
chr2	68925238	68926484	0.65
chr2	69044506	69044986	-0.57
chr2	69681551	69681994	-0.61
chr2	69750518	69751477	0.76
chr2	69808135	69808474	-0.66
chr2	69810008	69810418	-0.75
chr2	69933002	69933496	-0.56
chr2	70113065	70113447	-0.59
chr2	70127527	70127983	-0.5
chr2	70146512	70148319	-0.8
chr2	70152004	70152482	-0.71
chr2	70162016	70162487	-0.6
chr2	70185520	70185990	-0.67
chr2	70188513	70189434	0.62
chr2	70260095	70260991	-0.77
chr2	70445032	70445497	0.77
chr2	70902095	70902432	0.52
chr2	71179048	71179500	0.68
chr2	71180086	71180500	0.55
chr2	71816502	71816989	0.61
chr2	71826549	71827485	-0.55
chr2	71836044	71836992	-0.69
chr2	71871002	71871450	-0.64
chr2	71999506	71999923	0.7
chr2	72575548	72575975	0.58
chr2	72577006	72577427	0.79
chr2	73281660	73281984	-0.7
chr2	73527506	73527709	0.67
chr2	74346579	74347486	0.65
chr2	75050613	75050982	-0.55
chr2	75123009	75123490	-0.85
chr2	75480502	75481450	0.74
chr2	75488127	75488492	0.72
chr2	76068036	76068499	-0.6
chr2	76626165	76626442	0.81
chr2	76694635	76694997	-0.69
chr2	76695526	76695993	-0.64
chr2	76967137	76967499	-0.76
chr2	78187509	78187980	-0.65
chr2	78357539	78357911	-0.7
chr2	78525015	78525996	-0.52
chr2	78527011	78527484	-0.6
chr2	78532524	78532982	-0.61
chr2	78929013	78929447	-0.52
chr2	79078577	79079472	0.71
chr2	79235507	79235803	0.57
chr2	79416534	79417482	0.56
chr2	79636060	79636499	-0.76
chr2	79716524	79716999	-0.8
chr2	79994012	79994876	-0.66
chr2	80113521	80113999	-0.7
chr2	80244545	80245445	-0.71
chr2	81154528	81154954	-0.53
chr2	81158047	81158948	0.8
chr2	81165546	81165997	0.56
chr2	81166501	81166998	0.61
chr2	81175014	81175484	0.67
chr2	81380008	81380987	-0.72
chr2	81971550	81971999	0.76
chr2	81980003	81980419	0.5
chr2	83045589	83046493	0.75
chr2	83489515	83489996	0.69
chr2	83491039	83491476	0.78
chr2	84358549	84358996	-0.61
chr2	84627001	84627478	-0.52
chr2	84976050	84976457	0.65
chr2	84983009	84983905	-0.74
chr2	85150553	85151474	0.62
chr2	85187506	85188496	0.66
chr2	85303510	85303977	0.68
chr2	85522019	85522498	0.52
chr2	85637508	85637956	0.66
chr2	85805004	85805387	0.6
chr2	86083533	86083982	-0.52
chr2	86116010	86116793	-0.71
chr2	86804535	86807996	0.74
chr2	86849006	86849488	0.55
chr2	86884524	86886477	0.69
chr2	86941506	86942474	-0.65
chr2	86946507	86948496	-0.79
chr2	86970037	86970479	-0.83
chr2	87778002	87779423	-0.78
chr2	87820503	87820965	-0.51
chr2	87862519	87863481	-0.65
chr2	88036005	88036490	0.64
chr2	88204501	88204954	0.61
chr2	88942522	88942956	-0.63
chr2	89160001	89160495	0.62
chr2	89196037	89196482	0.57
chr2	90760504	90760997	-0.5
chr2	91690015	91690419	0.59
chr2	93498002	93498478	-0.51
chr2	93499516	93499989	-0.7
chr2	93653518	93653997	0.6
chr2	93752020	93752499	-0.52
chr2	93753016	93753488	-0.71
chr2	93945006	93945499	0.77
chr2	94282506	94283497	-0.6
chr2	94546520	94546993	0.61
chr2	94675514	94676418	-0.65
chr2	95464026	95464495	0.61
chr2	96373504	96373874	-0.58
chr2	96526519	96526935	0.53
chr2	96711529	96711997	0.57
chr2	97296514	97296942	-0.59
chr2	97381506	97381974	-0.6
chr2	98238502	98239500	-0.7
chr2	98555001	98555468	-0.71
chr2	98564551	98564977	-0.78
chr2	98762072	98762471	-0.52
chr2	99180029	99180499	-0.59
chr2	99202502	99203367	-0.64
chr2	99680506	99680993	-0.66
chr2	99875001	99875964	-0.68
chr2	100603593	100604877	0.69
chr2	100634030	100634488	0.61
chr2	100912002	100912474	0.52
chr2	101170510	101170955	0.65
chr2	101445507	101445999	0.74
chr2	101487638	101487999	-0.76
chr2	102045507	102045990	0.76
chr2	103293095	103293473	-0.62
chr2	103465057	103465473	0.7
chr2	103562002	103562400	0.69
chr2	103781501	103781963	0.75
chr2	104275120	104275436	-0.63
chr2	104770520	104772496	0.67
chr2	105113504	105113989	0.55
chr2	105299717	105299993	0.61
chr2	105674011	105674499	0.65
chr2	105679507	105679991	-0.57
chr2	105685007	105685478	-0.61
chr2	105807507	105807920	-0.74
chr2	105851642	105851999	-0.69
chr2	106199635	106199999	-0.7
chr2	106387175	106387934	-0.58
chr2	106715096	106715998	0.76
chr2	106839008	106839479	-0.7
chr2	106917021	106917499	-0.59
chr2	107127002	107127499	0.62
chr2	107155028	107155492	-0.53
chr2	107261502	107261997	-0.52
chr2	107986008	107986473	0.64
chr2	108528102	108528974	0.7
chr2	108697502	108697994	0.61
chr2	109311558	109311962	-0.69
chr2	109810516	109810984	-0.65
chr2	109813016	109813480	-0.56
chr2	110307570	110307956	-0.79
chr2	110308594	110308986	-0.83
chr2	110344007	110344437	0.65
chr2	110384001	110385469	-0.82
chr2	110391532	110392476	-0.7
chr2	110448502	110449461	0.76
chr2	110640504	110640993	-0.65
chr2	110650001	110650478	0.6
chr2	110931004	110931983	0.7
chr2	111229506	111229997	0.73
chr2	111233509	111234478	-0.72
chr2	111528002	111528477	-0.66
chr2	111575072	111575500	0.55
chr2	111687506	111687983	0.7
chr2	111806526	111806998	-0.67
chr2	112162002	112162490	0.53
chr2	112170005	112170963	0.7
chr2	112681513	112682965	-0.74
chr2	112697029	112697458	-0.54
chr2	112973508	112973991	0.56
chr2	113155003	113155500	0.54
chr2	113223075	113223452	-0.91
chr2	113312053	113312445	0.52
chr2	113539616	113539973	-0.85
chr2	113977507	113978972	-0.77
chr2	113982520	113982996	0.52
chr2	114396501	114397000	-0.68
chr2	114417065	114417496	-0.72
chr2	114743008	114743496	-0.78
chr2	114899562	114900491	-0.63
chr2	114901523	114902494	0.73
chr2	115076109	115076995	0.58
chr2	115077504	115078418	0.67
chr2	115222528	115222995	-0.65
chr2	116024031	116024500	0.74
chr2	116390512	116390969	0.68
chr2	116600006	116600469	-0.65
chr2	116604002	116604983	0.72
chr2	117324009	117324491	0.73
chr2	117325027	117325487	0.76
chr2	117423040	117423496	-0.7
chr2	117437562	117438000	-0.83
chr2	117536531	117536951	-0.55
chr2	117704001	117704464	-0.69
chr2	118653558	118654470	0.69
chr2	118655034	118656416	0.65
chr2	118667510	118667991	0.89
chr2	119917501	119917993	-0.56
chr2	120542518	120542836	0.76
chr2	120544501	120544957	0.65
chr2	120611014	120611494	-0.6
chr2	120680009	120680428	0.7
chr2	120686514	120686993	0.58
chr2	121615522	121615957	-0.84
chr2	121799678	121799999	0.61
chr2	122044567	122045493	0.53
chr2	122093516	122094000	-0.63
chr2	122283012	122283997	-0.63
chr2	122442506	122443490	0.63
chr2	122555007	122555984	0.55
chr2	122785522	122785962	-0.67
chr2	122967025	122967965	-0.59
chr2	123091035	123091494	0.56
chr2	123133011	123133446	-0.65
chr2	123171504	123172000	0.61
chr2	123198705	123198984	0.5
chr2	124004035	124004987	0.6
chr2	124183526	124183921	-0.66
chr2	124397502	124397992	0.53
chr2	124454001	124454499	-0.6
chr2	124455015	124455494	-0.87
chr2	124458069	124458468	-0.78
chr2	125611502	125611959	-0.66
chr2	125658516	125659495	-0.69
chr2	126210009	126210474	-0.52
chr2	126235005	126235494	0.79
chr2	126281526	126281925	-0.53
chr2	126589503	126590393	-0.65
chr2	126773523	126774493	0.56
chr2	126883005	126883497	0.64
chr2	126965008	126965401	0.55
chr2	126971003	126971995	0.63
chr2	127001001	127001493	-0.77
chr2	127058575	127059996	0.76
chr2	127117010	127117992	0.68
chr2	127607008	127607997	0.58
chr2	127767020	127767377	0.74
chr2	128051509	128051978	-0.62
chr2	128052521	128052981	-0.76
chr2	128972506	128972987	-0.62
chr2	129619017	129619987	0.57
chr2	129650001	129650494	-0.56
chr2	129754521	129754952	0.66
chr2	129934501	129935499	0.66
chr2	129946035	129946997	-0.64
chr2	130082513	130082998	0.63
chr2	130868514	130869461	0.66
chr2	130897001	130897471	-0.72
chr2	130945511	130945995	0.56
chr2	131298611	131298988	-0.53
chr2	131940083	131940437	-0.79
chr2	132000518	132000999	0.59
chr2	132087568	132088992	0.56
chr2	132184006	132184452	0.68
chr2	132213019	132213495	-0.64
chr2	132225525	132226491	-0.67
chr2	132231506	132231983	0.57
chr2	132334030	132334962	-0.73
chr2	132445002	132446499	0.67
chr2	132542003	132542493	-0.71
chr2	132925014	132925996	0.61
chr2	133077094	133077486	-0.73
chr2	133491015	133491472	0.56
chr2	133521004	133521495	-0.59
chr2	133662502	133663495	-0.73
chr2	133842505	133843492	-0.59
chr2	133909022	133909470	-0.73
chr2	134103032	134104477	-0.67
chr2	134211014	134211499	-0.73
chr2	134524042	134525500	0.66
chr2	135557002	135557970	0.7
chr2	136424031	136424500	0.68
chr2	137883504	137883990	0.56
chr2	138391169	138391499	-0.7
chr2	138398006	138398498	0.51
chr2	138399009	138399500	0.63
chr2	138400007	138400383	0.51
chr2	138447043	138447498	0.65
chr2	138487014	138487465	0.72
chr2	138547508	138547999	0.63
chr2	138548530	138548956	0.51
chr2	139519514	139519990	-0.73
chr2	139520502	139520945	-0.76
chr2	139717019	139717999	0.81
chr2	139724515	139725999	0.68
chr2	140448023	140448468	-0.82
chr2	140488353	140488952	0.68
chr2	140845183	140845998	0.72
chr2	141231503	141233486	-0.77
chr2	141337017	141337411	0.8
chr2	141607508	141607963	-0.6
chr2	141645513	141645981	0.57
chr2	141723017	141723499	0.63
chr2	141807033	141807430	0.63
chr2	141864051	141864499	0.52
chr2	141982582	141983981	-0.64
chr2	142075056	142075425	-0.73
chr2	142272219	142272949	0.6
chr2	142392525	142392978	-0.51
chr2	142411019	142412482	-0.7
chr2	142628552	142628995	0.68
chr2	142691054	142691999	-0.68
chr2	143410714	143410986	-0.72
chr2	143411502	143411967	-0.56
chr2	143853523	143854305	-0.6
chr2	144029543	144029991	-0.51
chr2	144296514	144296991	-0.7
chr2	144884504	144884949	-0.79
chr2	145003569	145003968	-0.85
chr2	145376509	145376999	0.61
chr2	145562518	145562995	-0.61
chr2	145951009	145951485	-0.79
chr2	145976020	145976491	0.7
chr2	146006013	146006323	-0.51
chr2	146018015	146018994	-0.65
chr2	146127506	146127964	-0.66
chr2	146139502	146139989	-0.56
chr2	146317077	146317395	0.6
chr2	146500020	146500362	0.62
chr2	146553064	146553460	0.81
chr2	146821001	146821490	-0.62
chr2	146822002	146822488	-0.58
chr2	146858011	146858494	0.68
chr2	147093542	147093999	0.56
chr2	147109504	147109959	-0.59
chr2	147117628	147118460	-0.67
chr2	147152519	147152994	0.52
chr2	147153505	147153980	0.51
chr2	147195026	147195385	-0.55
chr2	147206011	147206500	0.7
chr2	147399501	147400499	-0.57
chr2	147433532	147433997	-0.67
chr2	147579512	147579989	-0.56
chr2	147929502	147929998	0.61
chr2	148020522	148021451	0.73
chr2	148026003	148026994	-0.67
chr2	148143004	148143500	-0.68
chr2	148153006	148153485	-0.85
chr2	148253544	148254000	-0.71
chr2	148327002	148327423	0.71
chr2	148563509	148564496	-0.79
chr2	149437006	149437464	-0.75
chr2	149496695	149496970	0.72
chr2	149594027	149594450	0.59
chr2	150218523	150218979	0.69
chr2	150288509	150289994	0.61
chr2	150349079	150350484	-0.64
chr2	150351012	150351908	0.74
chr2	150376234	150376488	0.64
chr2	150641547	150641989	0.74
chr2	150880012	150880492	-0.7
chr2	150916081	150916406	-0.94
chr2	150925577	150926492	-0.69
chr2	151607508	151607961	-0.66
chr2	151961003	151961431	0.54
chr2	152655507	152655995	0.86
chr2	152843051	152843431	0.85
chr2	153602048	153603485	0.74
chr2	154774007	154774500	-0.51
chr2	154858002	154858478	0.56
chr2	156333009	156333288	-0.72
chr2	156365015	156365495	0.73
chr2	156517009	156517478	0.71
chr2	156534536	156534974	0.67
chr2	156608001	156608460	-0.75
chr2	156610024	156610442	-0.54
chr2	156702571	156702977	-0.66
chr2	156748008	156748493	0.71
chr2	156757017	156757409	0.72
chr2	156915024	156915460	-0.69
chr2	157230009	157230495	0.76
chr2	157268506	157269980	0.65
chr2	157271039	157271496	0.72
chr2	157667016	157667500	0.66
chr2	157668014	157668442	0.58
chr2	157752502	157752966	-0.72
chr2	158488013	158488499	0.74
chr2	159481533	159481935	-0.57
chr2	160572037	160572951	0.64
chr2	160678607	160679487	-0.52
chr2	160696020	160696495	0.69
chr2	160729515	160730465	-0.67
chr2	161362069	161362483	-0.71
chr2	161485600	161486452	-0.84
chr2	161487062	161487466	-0.91
chr2	161548528	161548989	-0.84
chr2	161574519	161574926	0.56
chr2	161583572	161583967	-0.58
chr2	161622011	161622486	-0.66
chr2	161712531	161712854	0.54
chr2	161857020	161857495	-0.81
chr2	161992093	161992453	0.56
chr2	162059005	162059960	-0.71
chr2	162112531	162112999	-0.51
chr2	162142505	162143494	-0.69
chr2	162148513	162148994	-0.81
chr2	162621007	162621991	-0.6
chr2	162756001	162756496	-0.54
chr2	162886280	162886477	-0.69
chr2	162947533	162947974	-0.74
chr2	162954054	162954500	-0.64
chr2	162980009	162980963	-0.6
chr2	162988502	162988968	-0.7
chr2	163079019	163079493	0.55
chr2	163302510	163302935	-0.73
chr2	163496024	163496962	0.72
chr2	163631592	163631982	0.75
chr2	163863016	163863881	-0.72
chr2	164062535	164062995	0.58
chr2	164263522	164264000	-0.58
chr2	164565625	164565994	-0.62
chr2	165405053	165405492	-0.54
chr2	165857501	165858485	-0.6
chr2	166502565	166502968	0.67
chr2	166823517	166824914	0.64
chr2	167831026	167832484	-0.6
chr2	168106559	168106993	-0.69
chr2	168141008	168141999	0.7
chr2	168261016	168261500	-0.72
chr2	168428576	168429000	0.76
chr2	168517547	168517924	-0.58
chr2	168587005	168587487	-0.62
chr2	168763003	168763462	-0.64
chr2	168789009	168790487	0.71
chr2	168861502	168861998	0.71
chr2	169200004	169201473	-0.66
chr2	169651501	169651978	-0.52
chr2	169676518	169677000	-0.78
chr2	169713571	169713999	0.83
chr2	169726505	169726985	-0.72
chr2	169727512	169727998	-0.69
chr2	169968517	169968985	-0.58
chr2	170221623	170221999	-0.67
chr2	170756117	170758987	0.74
chr2	171243003	171243993	-0.62
chr2	171256020	171256491	-0.72
chr2	172215015	172215483	-0.74
chr2	172226039	172226987	-0.76
chr2	172640504	172641489	-0.57
chr2	172646520	172646938	0.61
chr2	172787016	172787473	0.53
chr2	172838062	172838950	0.73
chr2	172847094	172847873	-0.68
chr2	173443084	173443492	-0.67
chr2	173764047	173764454	-0.69
chr2	174071575	174072986	0.64
chr2	174333502	174333942	-0.81
chr2	174365597	174365971	-0.74
chr2	174566002	174566466	0.77
chr2	174659510	174659962	0.65
chr2	175326502	175326944	-0.76
chr2	175402016	175402498	0.83
chr2	175473034	175473494	0.52
chr2	176331565	176331980	0.55
chr2	176373550	176375999	-0.77
chr2	176390075	176390987	-0.66
chr2	177360043	177360978	0.65
chr2	177364009	177365443	-0.83
chr2	177441551	177441961	0.86
chr2	177640508	177640907	-0.74
chr2	177691001	177691492	-0.64
chr2	178202510	178202997	-0.76
chr2	178928004	178928475	0.66
chr2	179166029	179166370	-0.77
chr2	179212585	179212996	0.53
chr2	179447542	179447986	0.66
chr2	180793002	180793485	-0.64
chr2	180965064	180965414	-0.61
chr2	181283505	181284400	0.82
chr2	181626017	181626999	0.73
chr2	182187138	182187494	-0.6
chr2	182861085	182861483	-0.54
chr2	182907604	182907981	0.62
chr2	182911062	182911380	0.77
chr2	182913028	182913480	0.55
chr2	182932029	182932473	0.54
chr2	183078056	183078484	-0.82
chr2	183136038	183136474	-0.74
chr2	197190570	197191000	-0.57
chr2	200979011	200979385	-0.62
chr2	217454503	217454917	0.58
chr2	218470530	218470983	0.6
chr2	237903515	237903986	0.55
chr2	240605509	240605990	-0.79
chr2	240874050	240874340	-0.8
chr2	241288011	241288984	-0.66
chr2	241772504	241773485	-0.7
chr2	242735509	242736000	0.67
chr2	242907509	242908994	-0.8
chr2	242912015	242912483	0.62
chr2	242913007	242913371	0.78
chr2	242978501	242979467	-0.79
chr2	243309002	243309991	-0.67
chr2	243311065	243311481	-0.67
chr2	243312016	243312488	-0.91
chr2	243865512	243865947	0.52
chr2	244115513	244115981	-0.81
chr2	244293529	244293970	-0.54
chr2	244297017	244297500	0.53
chr3	7979540	7980000	0.78
chr3	30099558	30099962	0.73
chr3	64429503	64429994	0.61
chr3	66296552	66296983	0.53
chr3	88932061	88932427	0.55
chr3	146380503	146381250	0.63
chr3	149598014	149598500	0.79
chr3	149650609	149651486	0.71
chr3	149708530	149708976	0.62
chr3	149747004	149747499	0.79
chr3	149849533	149849987	-0.61
chr3	150172502	150172992	0.62
chr3	151091503	151092397	-0.68
chr3	151325267	151325500	0.62
chr3	151337533	151337944	0.86
chr3	151581505	151581995	0.68
chr3	151669518	151669963	0.69
chr3	151684028	151684984	-0.7
chr3	151899054	151899493	0.71
chr3	151905207	151905495	-0.82
chr3	152137062	152137496	-0.61
chr3	152188033	152188488	0.84
chr3	152614509	152614996	-0.66
chr3	153573503	153573999	0.59
chr3	153654047	153654446	-0.64
chr3	153884592	153884998	0.62
chr3	154247004	154247472	0.63
chr3	154398001	154398499	-0.74
chr3	154400039	154400468	0.81
chr3	154517529	154518000	0.52
chr3	155500018	155500474	-0.76
chr3	155556100	155556497	0.51
chr3	155892504	155892929	0.51
chr3	155966502	155967415	0.76
chr3	156231147	156231499	-0.52
chr3	156234003	156234901	-0.62
chr3	156261510	156261990	0.52
chr3	156350558	156350997	0.68
chr3	156809025	156809500	0.7
chr3	156962012	156962489	0.74
chr3	156963027	156963492	0.63
chr3	156980602	156980871	0.55
chr3	156982515	156982973	-0.64
chr3	156983520	156983979	-0.57
chr3	156995597	156995987	0.81
chr3	157285598	157285989	0.7
chr3	157679618	157679920	-0.64
chr3	157892030	157892499	-0.65
chr3	158170001	158170472	0.67
chr3	158324502	158324995	-0.6
chr3	158348505	158349485	0.64
chr3	158439510	158439999	-0.59
chr3	158645041	158645492	-0.62
chr3	159314528	159314929	0.86
chr3	159317008	159317485	0.6
chr3	159496006	159496471	0.67
chr3	159503520	159503999	-0.65
chr3	159601099	159601462	-0.57
chr3	159628008	159628493	0.7
chr3	160399515	160399974	0.59
chr3	160556067	160556328	-0.58
chr3	160566002	160566481	-0.74
chr3	160586649	160586880	0.54
chr3	161125020	161125753	-0.65
chr3	161216057	161216490	-0.77
chr3	161626551	161626985	-0.66
chr3	161842539	161842999	-0.63
chr3	161958013	161958488	-0.7
chr3	162280093	162280499	0.57
chr3	162853046	162853987	-0.61
chr3	162854501	162854996	-0.73
chr3	162855581	162855994	0.61
chr3	163743011	163743498	0.61
chr3	163762010	163762499	0.53
chr3	163964002	163965465	0.87
chr3	164181067	164181497	-0.88
chr3	164216503	164216986	0.7
chr3	164353004	164353427	-0.57
chr3	164419515	164419993	0.54
chr3	164675508	164675983	-0.79
chr3	165695003	165695485	0.68
chr3	166276033	166276493	0.6
chr3	166398506	166399000	0.51
chr3	166930512	166931490	-0.71
chr3	167415502	167415991	-0.59
chr3	167416532	167416985	-0.68
chr3	168042540	168042890	0.53
chr3	168248003	168248499	0.83
chr3	168470057	168470457	0.63
chr3	168685510	168685991	0.65
chr3	168692501	168692998	0.56
chr3	168702527	168703471	-0.84
chr3	168704011	168704438	-0.68
chr3	175085038	175085490	-0.54
chr3	196846507	196846998	0.57
chr3	207540635	207540978	0.5
chr3	221238075	221238379	0.93
chr3	228343512	228344492	0.66
chr3	229748529	229748953	0.6
chr3	234232038	234232459	0.52
chr4	8906507	8906906	0.64
chr4	13044010	13044482	-0.52
chr4	13138562	13138969	-0.56
chr4	14055001	14055460	0.53
chr4	18422026	18422439	0.61
chr4	43843501	43843996	0.62
chr4	48261001	48261462	-0.61
chr4	146924001	146924500	0.52
chr4	155397081	155397456	0.74
chr4	175720625	175720975	-0.51
chr4	176961037	176961484	0.52
chr4	177076501	177076911	0.7
chr4	177174537	177174985	-0.59
chr4	177534032	177534479	0.8
chr4	178540505	178540823	-0.5
chr4	179075033	179075459	0.79
chr4	179241005	179241983	0.61
chr4	179767054	179767500	0.56
chr4	179917001	179918000	-0.7
chr4	180369014	180369992	-0.71
chr4	180436525	180436914	0.65
chr4	181585510	181585807	0.5
chr4	182723007	182723500	0.6
chr4	184712574	184712867	0.61
chr4	188638502	188638967	0.68
chr4	189122513	189122993	0.68
chr4	190736502	190736984	0.52
chr4	191592054	191592473	-0.69
chr4	192270002	192270459	0.57
chr4	192504011	192504438	0.86
chr4	192585003	192585450	-0.51
chr4	196169590	196169996	0.52
chr4	208898108	208898474	0.6
chr4	214016620	214016970	0.57
chr4	222211023	222211443	0.52
chr4	230987029	230987460	0.82
chr4	231065006	231065494	0.71
chr4	231066082	231066449	0.53
chr4	231197004	231197438	-0.59
chr4	231198508	231198990	-0.63
chr4	231208637	231209000	-0.79
chr4	231308523	231308966	0.59
chr4	231332005	231332489	0.66
chr4	231644054	231644988	0.73
chr4	231683567	231684000	0.79
chr4	232255030	232255487	-0.82
chr4	232705016	232705929	0.7
chr4	232725515	232725990	-0.62
chr4	232986099	232986487	0.55
chr4	232994509	232994926	0.6
chr4	233153040	233153468	0.88
chr4	233331010	233331500	0.75
chr4	233496042	233496492	0.69
chr4	233594005	233594490	0.77
chr4	233595145	233595984	0.72
chr4	233920206	233920496	-0.53
chr4	234042014	234042498	0.7
chr4	234043503	234043996	0.62
chr4	234192518	234192904	-0.5
chr4	234312505	234313497	-0.67
chr4	234329067	234329451	-0.5
chr4	234574002	234574469	0.77
chr4	234781193	234781498	-0.68
chr4	234782014	234782496	-0.63
chr4	234796068	234796440	-0.62
chr4	234911001	234911487	0.83
chr5	21003	21396	0.52
chr5	61574	61978	-0.59
chr5	62522	62977	-0.63
chr5	67502	67996	0.67
chr5	679508	679981	0.74
chr5	975507	976500	-0.71
chr5	977514	977990	0.52
chr5	1140510	1140996	0.8
chr5	1273020	1273488	0.56
chr5	1362002	1362931	0.57
chr5	1364545	1364988	0.59
chr5	1530007	1530483	0.62
chr5	1947038	1948499	-0.78
chr5	1957538	1957991	0.58
chr5	2000027	2000467	-0.56
chr5	2064543	2064988	0.53
chr5	2275004	2275471	-0.52
chr5	2405232	2405377	-0.77
chr5	2553021	2553329	-0.55
chr5	2931071	2931471	0.66
chr5	3295047	3295495	0.82
chr5	3406048	3406500	0.53
chr5	3424004	3424954	0.6
chr5	3431510	3431996	-0.55
chr5	3682065	3682456	-0.73
chr5	5728068	5728500	-0.56
chr5	24138510	24138980	0.72
chr5	47370534	47370979	0.68
chr5	68260547	68260949	0.53
chr5	68271010	68271500	0.69
chr5	85819003	85819496	0.53
chr5	108290015	108290978	0.54
chr5	146419037	146419485	0.59
chr5	166528002	166528478	-0.56
chr5	178460539	178460970	0.78
chr5	179470514	179470981	0.51
chr5	179669528	179669992	-0.63
chr5	179726502	179726961	0.71
chr5	179729016	179729912	0.75
chr5	179913004	179913449	0.66
chr5	179929532	179929889	-0.58
chr5	181280031	181280991	-0.72
chr5	181376015	181376499	0.73
chr5	181430021	181430952	-0.7
chr5	181562525	181563490	-0.67
chr5	181642038	181642487	-0.81
chr5	181898525	181898945	0.63
chr5	182119036	182119988	-0.73
chr5	182919511	182919878	-0.72
chr5	183399506	183399918	0.81
chr5	184083549	184083988	-0.52
chr5	184241517	184241996	-0.53
chr5	184324544	184324967	0.84
chr5	184379130	184379440	0.88
chr5	184983056	184983936	0.64
chr5	185028003	185028965	0.69
chr5	185481006	185481497	0.63
chr5	185969061	185969481	0.7
chr5	185989578	185989997	0.7
chr5	186469535	186469942	-0.74
chr5	186520508	186520853	-0.59
chr5	187076035	187076479	0.61
chr5	187401049	187401500	0.7
chr5	187578505	187579500	-0.71
chr5	187854548	187854996	0.58
chr5	188150002	188150498	-0.7
chr5	189003014	189003498	0.54
chr5	189244524	189245500	-0.75
chr5	189792503	189792988	0.83
chr5	189796014	189796497	-0.52
chr5	189797008	189797444	-0.62
chr5	190192503	190192987	-0.6
chr5	190467005	190468347	-0.68
chr5	190588521	190588986	-0.6
chr5	190769045	190769996	0.76
chr5	190965002	190965490	-0.54
chr5	191207026	191207293	0.78
chr5	191240002	191240465	-0.7
chr5	191240529	191240991	0.53
chr5	191574001	191574499	0.83
chr5	191576511	191577994	0.74
chr5	191711006	191711379	0.59
chr5	191725520	191731498	-0.8
chr5	191902011	191903949	0.66
chr5	191999014	191999480	-0.5
chr5	193676013	193676494	0.62
chr5	193680022	193680493	0.57
chr5	193727524	193727969	0.77
chr5	193887029	193888913	-0.78
chr5	193891030	193891491	-0.53
chr5	194005014	194005490	0.54
chr5	194200025	194200486	-0.53
chr5	194465506	194466498	0.56
chr5	194532579	194532962	0.63
chr5	194982511	194982994	-0.77
chr5	195646551	195646898	-0.62
chr5	195862501	195862981	-0.69
chr5	195948506	195948984	0.53
chr5	195949505	195950000	0.56
chr5	197030565	197031493	0.6
chr5	197032022	197032466	0.69
chr5	197137506	197138000	0.68
chr5	197263507	197263993	-0.54
chr5	197529532	197529955	-0.73
chr5	197794011	197794484	0.76
chr5	197941001	197941460	0.62
chr5	198267502	198267988	-0.55
chr5	199132503	199132991	-0.74
chr5	199134017	199134471	-0.63
chr5	199475506	199476423	0.53
chr5	199678512	199678998	-0.62
chr5	200146029	200146921	0.57
chr5	200286077	200286978	0.77
chr5	200661565	200661994	0.51
chr5	201097018	201097495	-0.54
chr5	201311537	201311979	0.61
chr5	201588540	201589496	0.75
chr5	201724006	201724984	-0.6
chr5	201913009	201913470	0.71
chr5	201927504	201927996	-0.64
chr5	201957037	201957490	0.66
chr5	203148030	203148469	-0.82
chr5	203736507	203736996	0.67
chr5	204636506	204636938	-0.65
chr5	204647018	204647497	-0.55
chr5	204706039	204706473	0.75
chr5	204976562	204976951	0.65
chr5	205033011	205033467	-0.7
chr5	205080548	205080999	-0.77
chr5	207644002	207644996	0.58
chr5	211122018	211122496	0.57
chr5	211667039	211667474	0.6
chr5	211828508	211828975	0.58
chr5	211935517	211935957	0.65
chr5	213336003	213336497	-0.52
chr5	213698527	213698962	0.66
chr5	214083014	214083486	-0.78
chr5	214139505	214139883	0.7
chr5	214488002	214488473	0.6
chr5	214604520	214604969	-0.69
chr5	214759205	214759499	0.78
chr5	214914075	214914489	0.74
chr5	214920026	214920419	0.63
chr5	215005006	215005987	-0.69
chr5	215578084	215578487	0.6
chr5	215657578	215658482	-0.67
chr5	215962054	215962496	0.81
chr5	216046011	216046777	0.56
chr5	216124010	216124483	-0.61
chr5	216174011	216174976	0.69
chr5	216337026	216337488	0.69
chr5	216422006	216422462	0.58
chr5	216436002	216436976	0.82
chr5	216604504	216604996	-0.52
chr5	216699029	216699489	0.54
chr5	216700060	216700493	0.53
chr5	216758507	216758866	0.79
chr5	216796035	216796979	0.64
chr5	216961506	216962000	0.7
chr5	217115515	217115969	0.62
chr5	217197023	217197463	-0.63
chr5	217383050	217383500	0.71
chr5	217764528	217765000	0.66
chr6	76702597	76702982	0.57
chr6	122123055	122123490	0.54
chr6	123581001	123581488	-0.52
chr6	129500501	129500887	-0.51
chr6	140358551	140358965	-0.7
chr6	150274015	150274386	0.51
chr6	152879025	152879433	0.58
chr6	156337001	156337472	-0.52
chr6	159865032	159865500	-0.61
chr6	160171585	160171983	-0.72
chr6	160495002	160495491	-0.67
chr6	160864034	160864485	-0.59
chr6	160886026	160886496	0.8
chr6	160990503	160990979	-0.62
chr6	161380501	161380979	-0.52
chr6	162531527	162531999	0.56
chr6	163004519	163004977	-0.8
chr6	163085007	163085466	0.66
chr6	163744007	163744999	-0.73
chr6	163798554	163798993	0.68
chr6	163800007	163800499	0.68
chr6	165273014	165273494	-0.67
chr6	165276060	165276499	0.59
chr6	165813503	165813995	-0.93
chr6	165887028	165887500	-0.6
chr6	166055574	166055982	0.64
chr6	166480534	166480970	0.84
chr6	166873022	166873387	0.75
chr6	166935003	166935491	-0.68
chr6	167117504	167117903	-0.57
chr6	171979037	171979493	-0.54
chr7	2275019	2275489	-0.53
chr7	6745600	6745999	-0.8
chr7	6850551	6851449	0.65
chr7	6863083	6863422	-0.7
chr7	6907002	6907971	-0.61
chr7	6909094	6909480	-0.62
chr7	6928016	6929440	0.73
chr7	6964001	6964293	0.59
chr7	7014848	7016497	0.66
chr7	7057505	7057989	0.64
chr7	7082524	7082994	-0.63
chr7	8205505	8205999	0.59
chr7	8608562	8608988	0.64
chr7	8906555	8906990	0.64
chr7	9194580	9194996	-0.68
chr7	9215001	9215445	-0.64
chr7	10084506	10084926	0.86
chr7	10838706	10838959	-0.57
chr7	10928067	10928457	-0.52
chr7	11190506	11191464	0.84
chr7	11784059	11784500	0.54
chr7	11812007	11812981	-0.63
chr7	11816001	11816500	0.79
chr7	12244081	12244453	0.52
chr7	12455026	12455490	-0.82
chr7	12575507	12576498	-0.58
chr7	12941540	12942986	-0.65
chr7	12946522	12946951	-0.59
chr7	13063002	13063967	0.63
chr7	13070014	13070996	-0.63
chr7	13072545	13072996	-0.55
chr7	13259528	13259960	-0.65
chr7	14401049	14401471	0.54
chr7	14735026	14735957	0.88
chr7	14746507	14746972	0.8
chr7	14770019	14770498	0.7
chr7	15724028	15724424	0.55
chr7	15837504	15837995	-0.51
chr7	16042505	16042999	-0.76
chr7	16071684	16071878	-0.7
chr7	16073606	16074498	-0.6
chr7	16911003	16911500	0.52
chr7	17856516	17856983	-0.61
chr7	18167505	18167995	-0.53
chr7	18230502	18231000	-0.6
chr7	18507586	18508468	-0.72
chr7	18530119	18530491	-0.66
chr7	18532015	18532351	-0.73
chr7	18533077	18533443	-0.87
chr7	18536059	18536490	-0.68
chr7	18576679	18577478	0.64
chr7	18582549	18582948	-0.7
chr7	18602529	18603487	0.55
chr7	18608131	18608473	-0.75
chr7	18620047	18620457	-0.72
chr7	18621007	18621491	-0.58
chr7	18840023	18840987	-0.82
chr7	18870152	18870471	-0.71
chr7	19787005	19787495	0.53
chr7	19869015	19869463	-0.67
chr7	19874503	19874987	0.62
chr7	20146005	20146487	0.57
chr7	20419005	20419499	0.55
chr7	20585506	20585987	-0.68
chr7	20691541	20692468	0.76
chr7	20693001	20693424	0.71
chr7	20840038	20840457	0.8
chr7	21079503	21079999	-0.61
chr7	21086022	21086450	-0.8
chr7	21346002	21346491	-0.54
chr7	21347008	21347461	-0.57
chr7	21368052	21368486	-0.63
chr7	21369014	21369495	-0.59
chr7	21486037	21486461	0.7
chr7	21487034	21487478	0.58
chr7	21638154	21638479	-0.72
chr7	21677085	21677938	0.67
chr7	21679059	21679994	0.61
chr7	21789006	21789466	0.67
chr7	21833020	21833953	0.69
chr7	22125502	22125999	-0.58
chr7	22209002	22209446	-0.73
chr7	22369520	22369946	-0.74
chr7	22483598	22483995	-0.6
chr7	22645700	22645988	-0.78
chr7	22987009	22987940	-0.81
chr7	22989007	22989461	0.56
chr7	23006545	23006984	0.66
chr7	23010009	23010491	-0.67
chr7	23343513	23344449	0.58
chr7	24064003	24064478	-0.61
chr7	24194648	24194996	-0.71
chr7	24795025	24795997	-0.66
chr7	24801047	24801929	-0.7
chr7	24986624	24987498	0.78
chr7	25586036	25586992	-0.62
chr7	26445021	26445425	0.56
chr7	26446502	26447494	0.7
chr7	26654009	26654486	0.67
chr7	26971522	26972498	-0.79
chr7	27301507	27301994	0.57
chr7	27574503	27575490	-0.73
chr7	27788556	27788999	-0.52
chr7	27989502	27989966	-0.6
chr7	28129501	28129978	-0.61
chr7	28363107	28363485	-0.51
chr7	67765502	67765998	-0.71
chr7	90087144	90087458	0.52
chr7	105020022	105020472	-0.63
chr7	123555518	123556441	-0.54
chr7	134477083	134477294	0.53
chr7	134785017	134785459	-0.54
chr7	135824542	135824960	0.53
chr7	139919510	139919987	0.51
chr7	171886509	171886988	-0.71
chr7	171893505	171894453	0.77
chr7	171964003	171964475	0.55
chr7	171997034	171997413	0.62
chr7	177723520	177724489	0.7
chr7	178054524	178054996	0.52
chr7	178057019	178057925	0.58
chr7	178224018	178224499	0.88
chr7	178232024	178232484	0.84
chr7	179268069	179268498	-0.61
chr7	179343112	179343477	0.56
chr7	179645589	179646982	-0.75
chr7	180047501	180047955	-0.64
chr7	180050501	180050818	-0.77
chr7	180070510	180070973	-0.55
chr7	180106506	180106987	0.65
chr7	180242002	180242497	-0.7
chr7	180481015	180481953	0.78
chr7	180898646	180898964	-0.87
chr7	181123019	181123389	-0.65
chr7	181279117	181279481	-0.54
chr7	181378549	181378943	-0.69
chr7	181498020	181498489	-0.54
chr7	181510523	181510852	-0.86
chr7	181987001	181987977	0.75
chr8	5118065	5118468	0.55
chr8	13191571	13191968	0.51
chr8	27769017	27769496	0.63
chr8	27771007	27771484	0.68
chr8	27834520	27834991	0.51
chr8	30568115	30568449	0.54
chr8	34511019	34511500	0.5
chr8	35073527	35073997	0.64
chr8	39267561	39267976	0.56
chr8	40616004	40616414	-0.57
chr8	40754525	40755000	-0.55
chr8	56494590	56494993	0.73
chr8	65152528	65152936	-0.51
chr8	68438005	68438427	0.56
chr8	69471514	69471974	0.59
chr8	71706515	71706875	0.57
chr8	72465001	72465475	0.58
chr8	73131002	73131484	-0.51
chr8	75193502	75193960	0.64
chr8	77290054	77290493	0.65
chr8	77726609	77726976	0.62
chr8	77793514	77793988	0.7
chr8	77860539	77861992	0.63
chr8	77900043	77900441	0.58
chr8	78101502	78101983	-0.67
chr8	78168017	78168429	0.69
chr8	78412514	78412962	-0.51
chr8	78413524	78414999	-0.77
chr8	78562013	78562473	0.53
chr8	79378506	79379357	0.64
chr8	79484510	79485000	0.72
chr8	79737024	79737372	0.59
chr8	80511502	80511921	0.56
chr8	80556503	80557944	-0.62
chr8	80597632	80597985	0.6
chr8	81773043	81773500	-0.55
chr8	81988665	81988982	0.85
chr8	83446501	83446952	-0.53
chr8	83603545	83604499	-0.56
chr8	83625520	83625994	0.7
chr8	83627090	83627424	0.76
chr8	83657501	83657951	0.91
chr8	83733010	83733988	-0.66
chr8	83752096	83753498	0.72
chr8	83808002	83808382	0.73
chr8	83969503	83969999	-0.52
chr8	84069056	84069493	0.7
chr8	84229004	84229997	0.8
chr8	84422506	84422974	-0.72
chr8	84443502	84444000	0.62
chr8	85376002	85376499	-0.52
chr8	85432201	85432493	0.56
chr8	85435501	85436408	0.77
chr8	85659555	85659993	0.6
chr8	85718519	85718999	0.56
chr8	85989060	85989894	-0.56
chr8	86605533	86605992	0.72
chr8	86846004	86846500	0.68
chr8	87442015	87442412	-0.73
chr8	87975536	87975997	0.69
chr8	88275501	88275986	-0.69
chr8	88276510	88276939	-0.51
chr8	88289591	88289987	0.69
chr8	88333009	88333354	0.69
chr8	88438504	88439695	-0.6
chr8	88480010	88480454	-0.71
chr8	88656012	88656487	-0.75
chr8	88700017	88700475	0.6
chr8	88817012	88817981	-0.62
chr8	88831058	88831434	0.85
chr8	89664158	89664988	0.68
chr8	90126514	90127000	-0.72
chr8	91899063	91899457	0.68
chr8	91950531	91950850	-0.76
chr8	91984013	91984495	0.56
chr8	91995059	91996472	0.64
chr8	92199502	92200454	0.62
chr8	92686522	92686740	0.79
chr8	92769513	92770473	0.77
chr8	92817051	92817493	0.78
chr8	92908026	92908473	0.56
chr8	93183510	93183989	0.61
chr8	93345713	93345981	0.58
chr8	93881215	93882481	-0.69
chr8	93912515	93912933	-0.66
chr8	94395533	94396472	0.73
chr8	94888507	94889489	-0.57
chr8	94943006	94944463	0.73
chr8	94948032	94948424	0.93
chr8	95032002	95032462	-0.56
chr8	95480010	95480498	-0.58
chr8	96463514	96463943	0.6
chr8	97424593	97424971	0.63
chr8	97674504	97674990	0.67
chr8	121649510	121649997	-0.96
chr8	122891022	122891476	0.62
chr8	135532111	135532483	0.5
chr8	143117502	143117994	0.51
chr8	167644012	167644498	-0.55
chr9	40387707	40387991	-0.52
chr9	58190576	58190982	-0.79
chr9	68241501	68241967	0.54
chr9	85188003	85188469	-0.7
chr9	86632581	86632912	0.51
chr9	110815002	110815390	0.56
chr9	144761510	144761995	0.51
B73V4_ctg150	1350567	1351977	0.65
B73V4_ctg150	1668029	1668499	0.62
