chr_name	Start	End	delta_methylation
chr1	28049506	28049999	-0.29
chr1	38984004	38984498	-0.26
chr1	62297002	62297496	0.25
chr1	71164501	71165000	-0.21
chr1	72028001	72028499	-0.31
chr1	72031003	72031493	-0.23
chr1	73249012	73249500	-0.21
chr1	74178001	74178500	-0.21
chr1	83409003	83409499	-0.25
chr1	83663004	83663496	-0.23
chr1	85774501	85774995	-0.26
chr1	87532502	87532994	-0.21
chr1	87699504	87699988	0.24
chr1	92054502	92054998	0.37
chr1	92224501	92224998	-0.34
chr1	92240506	92241000	-0.27
chr1	95219011	95219492	-0.29
chr1	95935011	95935408	0.42
chr1	97318501	97318993	-0.22
chr1	97420005	97420498	-0.2
chr1	100216501	100216999	-0.34
chr1	105967008	105967499	-0.27
chr1	116003001	116003499	0.41
chr1	116819003	116819499	-0.25
chr1	116933003	116933494	-0.31
chr1	118207502	118207994	0.25
chr1	119483001	119483495	-0.31
chr1	125152502	125152998	0.77
chr1	149242523	149243000	-0.22
chr1	157931002	157931498	0.7
chr1	166015502	166015995	-0.22
chr1	169044504	169044894	-0.21
chr1	174977004	174977500	-0.24
chr1	179743503	179743945	-0.25
chr1	182492503	182492978	0.29
chr1	189418509	189419000	-0.2
chr1	190229503	190229998	0.28
chr1	190260502	190260999	-0.22
chr1	192301001	192301498	0.24
chr1	196186505	196187000	0.26
chr1	196541503	196541998	-0.21
chr1	197080004	197080999	-0.22
chr1	198348521	198349000	-0.65
chr1	199514501	199514999	0.3
chr1	200032011	200032498	0.34
chr1	200315502	200315997	0.21
chr1	201946001	201946498	0.23
chr1	202243003	202243499	-0.21
chr1	203348007	203348498	0.22
chr1	206692011	206692499	0.25
chr1	208987002	208987495	0.25
chr1	209556007	209556487	0.27
chr1	209763503	209763989	0.29
chr1	209990501	209990995	0.26
chr1	212714504	212715000	-0.27
chr1	221995503	221995996	0.23
chr1	267899001	267899497	-0.2
chr1	268108002	268108498	-0.25
chr1	283559501	283560000	-0.21
chr1	284814004	284814493	0.24
chr1	285955507	285955999	0.32
chr10	5434001	5434499	0.29
chr10	18421002	18421500	0.23
chr10	20870004	20870485	0.31
chr10	24269501	24270000	0.27
chr10	34453506	34453999	-0.22
chr10	48616002	48616498	-0.27
chr10	57026505	57027000	0.29
chr10	57225002	57225465	0.63
chr10	57560503	57560999	0.21
chr10	63742001	63742470	0.27
chr10	63788508	63788997	0.24
chr10	65842016	65842497	-0.22
chr10	66585502	66585999	-0.28
chr10	69372001	69372500	-0.34
chr10	72602514	72602998	0.76
chr10	72680501	72680996	-0.28
chr10	77456501	77456991	-0.23
chr10	78538504	78538996	-0.39
chr10	84700503	84700993	-0.21
chr10	85588004	85588497	-0.22
chr10	93406001	93406499	-0.24
chr10	95137640	95137996	0.31
chr10	96595503	96595995	-0.23
chr10	97282594	97282997	0.2
chr10	99639004	99639500	-0.21
chr10	100594509	100595000	-0.28
chr10	112233009	112233459	0.26
chr10	123591005	123591497	-0.31
chr10	128264501	128264998	-0.23
chr10	128275507	128275996	-0.24
chr10	128644050	128644499	-0.23
chr10	132369502	132369998	0.21
chr10	133583003	133583499	-0.3
chr10	133775010	133775469	-0.21
chr10	133937003	133937497	-0.32
chr10	135683501	135683986	-0.35
chr10	136317501	136317999	-0.36
chr10	136861503	136861996	0.22
chr10	137489003	137489492	-0.24
chr10	137695501	137696000	-0.22
chr10	139787002	139787493	-0.23
chr10	140887501	140887998	-0.23
chr10	144115501	144116000	-0.2
chr10	149562504	149563000	-0.21
chr2	10166501	10166998	-0.21
chr2	11325502	11325993	0.2
chr2	11631017	11631490	-0.41
chr2	11631507	11631999	0.21
chr2	12497505	12497947	0.27
chr2	13631501	13631998	-0.25
chr2	15446016	15446475	0.2
chr2	16307503	16308000	0.22
chr2	17169564	17169901	-0.23
chr2	17835506	17835999	-0.39
chr2	23089501	23089998	0.24
chr2	23203504	23204000	0.24
chr2	23367001	23367496	0.21
chr2	25028501	25028996	0.2
chr2	28953001	28953500	-0.46
chr2	29402004	29402496	0.24
chr2	30076503	30076994	-0.23
chr2	30343002	30343499	0.21
chr2	30779005	30779494	-0.21
chr2	33337002	33337500	-0.21
chr2	36134003	36134496	0.2
chr2	38190010	38190483	-0.31
chr2	38445504	38445998	0.25
chr2	42784502	42785000	-0.24
chr2	44396508	44396994	0.43
chr2	45426502	45427000	-0.24
chr2	48597004	48597497	0.23
chr2	48888007	48888497	-0.29
chr2	50129532	50129997	0.22
chr2	53137502	53137992	-0.33
chr2	53790505	53790997	-0.42
chr2	55874506	55874997	-0.23
chr2	56341046	56341448	-0.22
chr2	64376501	64377000	0.21
chr2	71572001	71572498	-0.31
chr2	81379502	81380000	0.22
chr2	85444505	85445000	-0.21
chr2	99848002	99848406	0.72
chr2	104166003	104166496	-0.29
chr2	105553001	105553498	-0.21
chr2	108282506	108283000	0.33
chr2	109304504	109304971	0.34
chr2	119013501	119013977	0.24
chr2	123132007	123132497	0.21
chr2	138448004	138448497	-0.24
chr2	140489003	140489499	-0.21
chr2	144431501	144431957	0.54
chr2	147657001	147657500	-0.26
chr2	147924004	147924500	0.3
chr2	148712001	148712496	0.24
chr2	148744002	148744497	-0.23
chr2	150598002	150598500	-0.21
chr2	153456506	153456994	-0.25
chr2	155350005	155350498	-0.25
chr2	163079002	163079500	-0.25
chr2	165639508	165639999	-0.32
chr2	168683003	168683499	0.24
chr2	171935005	171935394	0.6
chr2	175605511	175605994	-0.25
chr2	180916501	180916989	-0.26
chr2	183317503	183317998	-0.33
chr2	194265503	194265943	0.32
chr2	195305007	195305498	-0.32
chr2	199790004	199790492	-0.24
chr2	206473003	206473500	-0.24
chr2	214672505	214672993	-0.33
chr2	218333554	218333993	-0.24
chr2	225676001	225676497	0.21
chr2	228812505	228812998	-0.29
chr2	241250009	241250496	-0.21
chr3	376502	377000	-0.24
chr3	3863509	3863999	0.22
chr3	3921501	3921995	-0.33
chr3	10364001	10364464	-0.23
chr3	19706001	19706492	0.22
chr3	39886016	39886500	0.24
chr3	69168504	69168998	-0.23
chr3	124533020	124533497	-0.3
chr3	127999501	127999999	-0.23
chr3	128095010	128095497	0.21
chr3	133859001	133859472	-0.4
chr3	143861008	143861493	-0.23
chr3	149603502	149603999	0.24
chr3	154621011	154621496	0.22
chr3	158325004	158325499	0.33
chr3	158690501	158691000	-0.21
chr3	159223502	159223990	-0.4
chr3	159630508	159630997	0.21
chr3	161242503	161243000	-0.34
chr3	164106006	164106499	0.2
chr3	167045031	167045497	-0.26
chr3	168879002	168879420	-0.3
chr3	174543747	174543997	0.22
chr3	180840005	180840499	0.22
chr3	194802077	194802500	-0.35
chr3	197330003	197330500	-0.31
chr3	198230011	198230498	-0.23
chr3	207540508	207541000	0.25
chr4	8068508	8069000	-0.21
chr4	19984672	19984999	-0.21
chr4	22934505	22934999	0.22
chr4	25011504	25012000	0.21
chr4	45449006	45449499	-0.29
chr4	49838020	49838497	-0.27
chr4	57941502	57941999	0.21
chr4	65543018	65543500	-0.29
chr4	76528505	76528986	-0.2
chr4	143613503	143614000	-0.2
chr4	151064522	151064999	-0.22
chr4	177548507	177548997	0.21
chr4	182063552	182063996	0.22
chr4	185046505	185046968	-0.35
chr4	190540501	190541000	-0.32
chr4	191045501	191045997	0.29
chr4	193270506	193270973	-0.21
chr4	214451003	214451491	-0.23
chr4	230987501	230988000	-0.35
chr4	231056506	231057000	0.23
chr4	233833009	233833500	-0.25
chr4	234192504	234192999	-0.21
chr4	234539003	234539500	-0.23
chr5	702501	702991	0.2
chr5	1724004	1724484	-0.21
chr5	2354507	2354999	-0.25
chr5	3497502	3497996	-0.23
chr5	7244009	7244490	0.26
chr5	85281504	85282000	-0.22
chr5	135381503	135381979	-0.33
chr5	146559004	146559499	-0.28
chr5	178258001	178258500	-0.26
chr5	179017005	179017497	-0.24
chr5	179020002	179020497	-0.24
chr5	179264506	179264997	-0.21
chr5	183327501	183327993	-0.26
chr5	186476001	186476498	-0.21
chr5	187963502	187964000	0.29
chr5	189136503	189136998	0.2
chr5	189914502	189914999	0.2
chr5	190191001	190191497	-0.21
chr5	190289505	190290000	-0.23
chr5	193781505	193782000	-0.27
chr5	193874002	193874499	-0.26
chr5	195880507	195881000	-0.2
chr5	196958002	196958489	-0.2
chr5	197533503	197533992	-0.24
chr5	197645003	197645499	-0.25
chr5	198923503	198923996	-0.21
chr5	199889004	199889493	-0.23
chr5	204941004	204941499	-0.38
chr5	212791014	212791499	0.22
chr5	213446005	213446500	0.22
chr5	216476501	216477000	-0.34
chr6	663003	663493	-0.35
chr6	21094003	21094496	-0.21
chr6	35974511	35974986	-0.54
chr6	69360001	69360497	-0.22
chr6	81297501	81297961	0.27
chr6	136957026	136957496	0.58
chr6	145190505	145191000	-0.36
chr6	155351002	155351498	-0.3
chr6	162531003	162531499	-0.23
chr6	163076001	163076486	0.28
chr6	163282001	163282495	-0.28
chr6	164161532	164161995	-0.22
chr6	166768504	166768998	-0.21
chr6	166931504	166931997	-0.31
chr6	169159001	169159459	-0.22
chr7	2701504	2701990	0.26
chr7	2865007	2865499	0.23
chr7	5553025	5553499	-0.21
chr7	8734517	8734989	0.24
chr7	9544002	9544498	-0.21
chr7	10294516	10294994	0.3
chr7	12186507	12186992	0.75
chr7	12659001	12659500	0.25
chr7	13650505	13651000	-0.21
chr7	16200008	16200500	-0.21
chr7	16744507	16744998	-0.23
chr7	17760001	17760500	0.22
chr7	17792001	17792500	-0.32
chr7	22889507	22889996	-0.25
chr7	24099002	24099498	-0.31
chr7	24213005	24213500	-0.23
chr7	26816501	26817000	-0.22
chr7	42521090	42521499	-0.42
chr7	49646003	49646472	-0.26
chr7	80977002	80977478	-0.28
chr7	116451001	116451496	-0.24
chr7	122694058	122694498	-0.34
chr7	168231501	168231998	-0.43
chr7	178333501	178334000	-0.23
chr7	179240510	179241000	0.2
chr8	35632503	35632998	0.28
chr8	63876501	63877000	-0.24
chr8	68312518	68312996	-0.3
chr8	75353502	75353998	-0.47
chr8	77059002	77059494	0.23
chr8	96508501	96508993	-0.2
chr8	97338003	97338500	-0.21
chr8	116683006	116683491	-0.27
chr8	169140003	169140369	-0.37
chr9	15447503	15448000	-0.2
chr9	17206007	17206497	-0.35
chr9	46872502	46872998	-0.34
chr9	49457526	49458000	-0.21
chr9	49599502	49599997	0.27
chr9	97101501	97102000	-0.21
chr9	114323504	114324000	0.36
chr9	121320002	121320492	0.31
chr9	125431518	125431997	-0.26
chr9	143758030	143758499	0.24
B73V4_ctg150	1670507	1670999	0.23

