chr_name	start	end	CNV
chr6	87000001	88000000	1.000026405
chr3	216000001	217000000	1.000035545
chr3	210000001	211000000	1.000046017
chr6	166000001	167000000	1.000112322
chr2	86000001	87000000	1.000463736
chr2	91000001	92000000	1.000807579
chr10	115000001	116000000	1.0009732435
chr4	86000001	87000000	1.0010095995
chr4	188000001	189000000	1.001147942
chr1	100000001	101000000	1.001152202
chr5	96000001	97000000	1.0013678115
chr6	47000001	48000000	1.0014403075
chr2	146000001	147000000	1.0015557975
chr3	145000001	146000000	1.0017934595
chr4	128000001	129000000	1.0018912975
chr3	18000001	19000000	1.0020694685
chr5	147000001	148000000	1.0021076775
chr4	84000001	85000000	1.0021539455
chr4	144000001	145000000	1.002382773
chr4	29000001	30000000	1.002446766
chr5	35000001	36000000	1.0025528365
chr2	112000001	113000000	1.0026929975
chr9	157000001	158000000	1.002720694
chr1	112000001	113000000	1.002893888
chr6	101000001	102000000	1.0029882065
chr6	155000001	156000000	1.0030266845
chr4	231000001	232000000	1.0030763695
chr8	37000001	38000000	1.003637355
chr6	66000001	67000000	1.0037849455
chr4	52000001	53000000	1.003843041
chr6	139000001	140000000	1.0039803885
chr4	166000001	167000000	1.004133184
chr10	54000001	55000000	1.004184894
chr4	133000001	134000000	1.0043565765
chr8	34000001	35000000	1.004414379
chr10	50000001	51000000	1.0044558535
chr4	199000001	200000000	1.0045890965
chr3	213000001	214000000	1.004821965
chr5	138000001	139000000	1.0049009505
chr10	146000001	147000000	1.005016266
chr2	33000001	34000000	1.00524263
chr7	21000001	22000000	1.0052483205
chr4	236000001	237000000	1.005282032
chr4	79000001	80000000	1.005370452
chr2	181000001	182000000	1.005386621
chr4	192000001	193000000	1.005644117
chr6	61000001	62000000	1.0058802035
chr4	196000001	197000000	1.0059821365
chr4	68000001	69000000	1.0060242785
chr6	167000001	168000000	1.0061868275
chr1	86000001	87000000	1.006261746
chr5	99000001	100000000	1.0064637175
chr4	174000001	175000000	1.0066596475
chr5	49000001	50000000	1.0067826385
chr2	232000001	233000000	1.006820201
chr2	164000001	165000000	1.0070405665
chr7	173000001	174000000	1.0070985795
chr7	40000001	41000000	1.0071600585
chr4	145000001	146000000	1.007185902
chr5	91000001	92000000	1.0072258545
chr4	136000001	137000000	1.007233773
chr4	183000001	184000000	1.007384359
chr9	113000001	114000000	1.007416895
chr1	136000001	137000000	1.0075077795
chr5	94000001	95000000	1.007509966
chr9	47000001	48000000	1.007529209
chr3	226000001	227000000	1.0076662475
chr7	60000001	61000000	1.007724169
chr1	92000001	93000000	1.007901977
chr6	52000001	53000000	1.007952371
chr4	10000001	11000000	1.008053235
chr1	195000001	196000000	1.0081739945
chr3	134000001	135000000	1.008322068
chr1	186000001	187000000	1.0084345995
chr6	113000001	114000000	1.008611822
chr10	8000001	9000000	1.008697072
chr9	14000001	15000000	1.0087600735
chr6	64000001	65000000	1.0087873195
chr4	151000001	152000000	1.008840488
chr10	96000001	97000000	1.0089321415
chr6	33000001	34000000	1.009126825
chr6	28000001	29000000	1.009266736
chr6	65000001	66000000	1.009316967
chr6	134000001	135000000	1.0093703565
chr2	224000001	225000000	1.0094125225
chr9	150000001	151000000	1.009511492
chr3	120000001	121000000	1.009587605
chr4	187000001	188000000	1.0096975115
chr9	140000001	141000000	1.010059641
chr4	63000001	64000000	1.0101644365
chr1	103000001	104000000	1.010535549
chr8	102000001	103000000	1.010657777
chr6	82000001	83000000	1.011161691
chr3	1000001	2000000	1.0113010945
chr5	160000001	161000000	1.0113715085
chr9	130000001	131000000	1.011497736
chr9	100000001	101000000	1.0115154005
chr5	211000001	212000000	1.011542522
chr4	39000001	40000000	1.01160627
chr2	26000001	27000000	1.0116386205
chr2	178000001	179000000	1.0117581285
chr7	82000001	83000000	1.0117682995
chr5	190000001	191000000	1.0118095285
chr4	70000001	71000000	1.0118706315
chr4	211000001	212000000	1.0119458525
chr1	1000001	2000000	1.011992175
chr4	193000001	194000000	1.012075251
chr2	40000001	41000000	1.012111329
chr5	141000001	142000000	1.0121246655
chr4	216000001	217000000	1.0121328685
chr2	215000001	216000000	1.0121584725
chr5	152000001	153000000	1.0126405195
chr1	193000001	194000000	1.012668564
chr3	149000001	150000000	1.012821051
chr6	27000001	28000000	1.012821963
chr7	96000001	97000000	1.012913866
chr6	147000001	148000000	1.0129305275
chr2	41000001	42000000	1.0129404055
chr10	6000001	7000000	1.0129479185
chr3	125000001	126000000	1.013071982
chr5	81000001	82000000	1.0131756885
chr5	210000001	211000000	1.013204279
chr3	209000001	210000000	1.0132842575
chr9	17000001	18000000	1.0133589805
chr8	9000001	10000000	1.01339854
chr3	92000001	93000000	1.013688759
chr3	44000001	45000000	1.0137101415
chr8	127000001	128000000	1.0138579965
chr1	132000001	133000000	1.014005336
chr3	76000001	77000000	1.014144121
chr9	126000001	127000000	1.01438481
chr1	91000001	92000000	1.0145390035
chr10	141000001	142000000	1.0145878205
chr4	135000001	136000000	1.014593053
chr5	218000001	219000000	1.0146575855
chr2	126000001	127000000	1.014925149
chr1	218000001	219000000	1.0150075445
chr2	87000001	88000000	1.0151466145
chr7	135000001	136000000	1.015246642
chr7	174000001	175000000	1.01544059
chr10	49000001	50000000	1.016235127
chr6	106000001	107000000	1.016577611
chr1	135000001	136000000	1.0167234835
chr6	136000001	137000000	1.016754096
chr8	128000001	129000000	1.017032414
chr1	143000001	144000000	1.017042954
chr1	138000001	139000000	1.0173354365
chr2	88000001	89000000	1.0175516935
chr3	152000001	153000000	1.017848951
chr7	145000001	146000000	1.017861596
chr1	33000001	34000000	1.0180513075
chr6	149000001	150000000	1.0180966455
chr10	17000001	18000000	1.0182211685
chr6	49000001	50000000	1.0182392845
chr3	160000001	161000000	1.018352822
chr4	157000001	158000000	1.018385509
chr3	106000001	107000000	1.0184157135
chr4	65000001	66000000	1.018605109
chr9	5000001	6000000	1.018756534
chr6	108000001	109000000	1.01916675
chr7	66000001	67000000	1.0192004855
chr9	21000001	22000000	1.0192261055
chr3	93000001	94000000	1.0193575005
chr4	221000001	222000000	1.0193734715
chr6	127000001	128000000	1.0194766685
chr4	46000001	47000000	1.0194838345
chr7	172000001	173000000	1.019567432
chr4	220000001	221000000	1.0196108585
chr1	75000001	76000000	1.0197954815
chr10	145000001	146000000	1.019981163
chr7	166000001	167000000	1.0203027005
chr4	88000001	89000000	1.020453639
chr5	145000001	146000000	1.020659002
chr4	55000001	56000000	1.020985741
chr6	18000001	19000000	1.021109034
chr1	181000001	182000000	1.0214271285
chr3	158000001	159000000	1.0215138005
chr1	219000001	220000000	1.0216493805
chr2	3000001	4000000	1.0218953295
chr3	167000001	168000000	1.0219084655
chr4	83000001	84000000	1.0219665525
chr9	54000001	55000000	1.022125491
chr2	236000001	237000000	1.022133232
chr2	130000001	131000000	1.022390099
chr5	4000001	5000000	1.022662588
chr4	7000001	8000000	1.0226747075
chr1	236000001	237000000	1.0227294675
chr4	110000001	111000000	1.022883857
chr6	122000001	123000000	1.023032563
chr4	161000001	162000000	1.023239198
chr4	53000001	54000000	1.0232917595
chr1	164000001	165000000	1.023692398
chr1	207000001	208000000	1.0236932135
chr4	48000001	49000000	1.023714973
chr3	150000001	151000000	1.023740846
chr1	94000001	95000000	1.02408281
chr6	153000001	154000000	1.0241053635
chr1	3000001	4000000	1.024379523
chr6	161000001	162000000	1.024387838
chr3	225000001	226000000	1.024393423
chr4	87000001	88000000	1.024454342
chr4	148000001	149000000	1.0244759615
chr1	54000001	55000000	1.024495015
chr5	23000001	24000000	1.024578355
chr7	160000001	161000000	1.024644239
chr3	75000001	76000000	1.0247007765
chr1	23000001	24000000	1.0247569505
chr8	48000001	49000000	1.0248624525
chr7	55000001	56000000	1.024874007
chr3	77000001	78000000	1.025207496
chr6	133000001	134000000	1.0253686725
chr2	128000001	129000000	1.025419069
chr1	187000001	188000000	1.025546246
chr7	63000001	64000000	1.0257250515
chr4	180000001	181000000	1.0257898335
chr5	26000001	27000000	1.02584917
chr3	51000001	52000000	1.025893701
chr9	97000001	98000000	1.0259121605
chr3	162000001	163000000	1.026000612
chr9	55000001	56000000	1.0260224875
chr10	51000001	52000000	1.026114136
chr4	156000001	157000000	1.026267817
chr1	277000001	278000000	1.0262844305
chr6	132000001	133000000	1.026291874
chr7	69000001	70000000	1.0263966685
chr5	79000001	80000000	1.026403717
chr3	154000001	155000000	1.0264686005
chr8	114000001	115000000	1.0265039895
chr5	182000001	183000000	1.0266592305
chr10	130000001	131000000	1.026712236
chr7	156000001	157000000	1.0268887735
chr10	25000001	26000000	1.027115278
chr4	176000001	177000000	1.027226326
chr2	35000001	36000000	1.0273235805
chr5	221000001	222000000	1.0274896295
chr4	203000001	204000000	1.02766305
chr8	112000001	113000000	1.027707696
chr1	192000001	193000000	1.0277255615
chr4	69000001	70000000	1.0277518125
chr8	36000001	37000000	1.0277862735
chr9	155000001	156000000	1.0279397285
chr2	137000001	138000000	1.0279860775
chr3	232000001	233000000	1.028092443
chr8	29000001	30000000	1.0282730075
chr10	117000001	118000000	1.0282832975
chr8	111000001	112000000	1.0283161685
chr3	61000001	62000000	1.028600968
chr5	132000001	133000000	1.028719314
chr1	108000001	109000000	1.028738166
chr1	2000001	3000000	1.0287684615
chr8	78000001	79000000	1.0289204815
chr2	74000001	75000000	1.0289774055
chr7	98000001	99000000	1.0290660325
chr3	163000001	164000000	1.02907916
chr6	93000001	94000000	1.029218837
chr2	207000001	208000000	1.0292273695
chr5	83000001	84000000	1.02938534
chr4	130000001	131000000	1.0295666
chr4	34000001	35000000	1.029601887
chr5	214000001	215000000	1.0296211225
chr2	159000001	160000000	1.0296964635
chr3	172000001	173000000	1.0297759535
chr1	101000001	102000000	1.0297971335
chr9	68000001	69000000	1.0298464515
chr7	41000001	42000000	1.029881137
chr10	103000001	104000000	1.029881161
chr8	171000001	172000000	1.0299037815
chr10	102000001	103000000	1.029942663
chr8	105000001	106000000	1.030078547
chr3	101000001	102000000	1.0301592855
chr4	138000001	139000000	1.0301599495
chr4	127000001	128000000	1.030222548
chr2	198000001	199000000	1.0302500175
chr2	39000001	40000000	1.0302961905
chr3	103000001	104000000	1.030396965
chr1	274000001	275000000	1.0305218275
chr7	180000001	181000000	1.030586563
chr1	172000001	173000000	1.030903867
chr4	61000001	62000000	1.030974304
chr7	177000001	178000000	1.031014194
chr3	153000001	154000000	1.031160966
chr8	51000001	52000000	1.031201331
chr2	201000001	202000000	1.0312536885
chr8	77000001	78000000	1.0312887275
chr1	48000001	49000000	1.031370241
chr3	156000001	157000000	1.031487583
chr7	65000001	66000000	1.0316179405
chr4	218000001	219000000	1.0316807525
chr8	156000001	157000000	1.031799765
chr7	149000001	150000000	1.0318442765
chr1	110000001	111000000	1.0318971775
chr2	21000001	22000000	1.0319329375
chr4	149000001	150000000	1.0319519245
chr10	98000001	99000000	1.0321417325
chr1	214000001	215000000	1.032150491
chr6	140000001	141000000	1.0324277485
chr2	22000001	23000000	1.032470849
chr6	144000001	145000000	1.032621746
chr7	72000001	73000000	1.032860966
chr10	67000001	68000000	1.0329944335
chr1	37000001	38000000	1.0330675105
chr5	106000001	107000000	1.0330876125
chr4	44000001	45000000	1.0331066535
chr3	26000001	27000000	1.033328173
chr4	165000001	166000000	1.0333494305
chr3	74000001	75000000	1.033359156
chr3	54000001	55000000	1.033440753
chr2	31000001	32000000	1.0334477465
chr1	148000001	149000000	1.033707962
chr1	188000001	189000000	1.033789328
chr4	90000001	91000000	1.033899012
chr3	183000001	184000000	1.0341760685
chr5	153000001	154000000	1.0344599685
chr4	202000001	203000000	1.0345583665
chr2	135000001	136000000	1.0346548175
chr8	56000001	57000000	1.034771918
chr10	109000001	110000000	1.0348007165
chr6	50000001	51000000	1.034887901
chr5	202000001	203000000	1.0348926465
chr1	184000001	185000000	1.035050429
chr1	264000001	265000000	1.035271715
chr7	67000001	68000000	1.0353525495
chr4	113000001	114000000	1.0353791745
chr1	201000001	202000000	1.035463798
chr4	160000001	161000000	1.0355908195
chr1	62000001	63000000	1.035660692
chr4	76000001	77000000	1.0356995585
chr1	262000001	263000000	1.035782588
chr5	133000001	134000000	1.035835415
chr6	150000001	151000000	1.035922173
chr1	256000001	257000000	1.035928097
chr4	93000001	94000000	1.036149913
chr3	220000001	221000000	1.0362766225
chr4	212000001	213000000	1.0363114655
chr6	39000001	40000000	1.0363794455
chr1	194000001	195000000	1.036388954
chr2	184000001	185000000	1.0363919535
chr6	51000001	52000000	1.036394007
chr1	76000001	77000000	1.0364064445
chr4	235000001	236000000	1.036450407
chr10	74000001	75000000	1.036484607
chr1	65000001	66000000	1.036574542
chr8	43000001	44000000	1.036679774
chr8	87000001	88000000	1.0367430035
chr4	208000001	209000000	1.0368824355
chr4	81000001	82000000	1.037092528
chr5	50000001	51000000	1.0372041915
chr1	81000001	82000000	1.037263723
chr5	131000001	132000000	1.037355147
chr4	184000001	185000000	1.0374483285
chr8	53000001	54000000	1.037562432
chr1	191000001	192000000	1.0375646745
chr2	121000001	122000000	1.03775973
chr8	125000001	126000000	1.0378109295
chr6	1	1000000	1.0379351415
chr1	286000001	287000000	1.0380012595
chr2	16000001	17000000	1.0381467765
chr8	163000001	164000000	1.0381613955
chr7	46000001	47000000	1.038333683
chr2	227000001	228000000	1.038362495
chr1	301000001	302000000	1.038454365
chr1	203000001	204000000	1.038807948
chr4	152000001	153000000	1.0388924245
chr8	173000001	174000000	1.039002901
chr1	202000001	203000000	1.0390081175
chr8	74000001	75000000	1.0390853325
chr4	206000001	207000000	1.0391739685
chr3	161000001	162000000	1.039495233
chr1	287000001	288000000	1.0395027615
chr4	123000001	124000000	1.0396321285
chr1	22000001	23000000	1.039830416
chr3	186000001	187000000	1.03997201
chr5	129000001	130000000	1.040152384
chr7	90000001	91000000	1.040312236
chr2	111000001	112000000	1.040587648
chr1	228000001	229000000	1.0406771225
chr1	57000001	58000000	1.040795288
chr4	241000001	242000000	1.040800812
chr4	147000001	148000000	1.040845474
chr4	125000001	126000000	1.040915606
chr9	153000001	154000000	1.040986968
chr2	90000001	91000000	1.040998467
chr5	126000001	127000000	1.04108255
chr5	118000001	119000000	1.041098573
chr1	279000001	280000000	1.0412725885
chr3	30000001	31000000	1.041344174
chr7	70000001	71000000	1.0413672495
chr4	172000001	173000000	1.041370104
chr1	85000001	86000000	1.0414622025
chr5	82000001	83000000	1.0414895135
chr10	32000001	33000000	1.041657143
chr8	168000001	169000000	1.04166129
chr9	127000001	128000000	1.0416998845
chr6	137000001	138000000	1.0417567365
chr1	53000001	54000000	1.0419035865
chr10	108000001	109000000	1.0419092935
chr3	72000001	73000000	1.042010169
chr7	64000001	65000000	1.0420806155
chr10	9000001	10000000	1.042369552
chr3	116000001	117000000	1.042485161
chr1	52000001	53000000	1.0427709185
chr8	99000001	100000000	1.042976152
chr10	1000001	2000000	1.0430112735
chr1	259000001	260000000	1.0430168515
chr1	289000001	290000000	1.043050077
chr2	64000001	65000000	1.0430825175
chr4	177000001	178000000	1.043097645
chr3	40000001	41000000	1.043145633
chr1	169000001	170000000	1.043173266
chr1	20000001	21000000	1.0431869245
chr2	122000001	123000000	1.0432050935
chr8	122000001	123000000	1.0432630145
chr4	237000001	238000000	1.0433681295
chr5	29000001	30000000	1.043395499
chr4	189000001	190000000	1.0434187635
chr8	90000001	91000000	1.0434195965
chr6	56000001	57000000	1.043479081
chr3	151000001	152000000	1.0434908095
chr4	45000001	46000000	1.043594584
chr8	126000001	127000000	1.0436446815
chr1	42000001	43000000	1.043650559
chr1	189000001	190000000	1.0436531755
chr1	299000001	300000000	1.043680392
chr7	99000001	100000000	1.0437723235
chr10	147000001	148000000	1.043795578
chr2	106000001	107000000	1.043838273
chr5	109000001	110000000	1.0440624565
chr9	36000001	37000000	1.0440788975
chr1	261000001	262000000	1.0441444355
chr1	249000001	250000000	1.0441552375
chr2	216000001	217000000	1.04423669
chr7	147000001	148000000	1.04427368
chr1	260000001	261000000	1.044373841
chr1	141000001	142000000	1.0445472715
chr2	208000001	209000000	1.0445969575
chr4	119000001	120000000	1.0446648025
chr3	57000001	58000000	1.0447122105
chr6	1000001	2000000	1.044719585
chr4	178000001	179000000	1.0447589185
chr1	39000001	40000000	1.044796266
chr7	39000001	40000000	1.0450176355
chr4	66000001	67000000	1.0450669045
chr1	133000001	134000000	1.0451876395
chr3	176000001	177000000	1.045190648
chr1	263000001	264000000	1.045461078
chr5	134000001	135000000	1.0456427305
chr5	37000001	38000000	1.045864988
chr2	115000001	116000000	1.0458983475
chr10	52000001	53000000	1.0459302685
chr5	39000001	40000000	1.0459556085
chr4	85000001	86000000	1.045972503
chr10	104000001	105000000	1.045979291
chr2	17000001	18000000	1.0460050515
chr1	205000001	206000000	1.046032543
chr9	112000001	113000000	1.046060771
chr8	52000001	53000000	1.0460832995
chr3	49000001	50000000	1.0460975455
chr4	155000001	156000000	1.046213418
chr9	56000001	57000000	1.046312754
chr2	28000001	29000000	1.046313076
chr8	10000001	11000000	1.0464062155
chr2	84000001	85000000	1.04649688
chr1	61000001	62000000	1.0465114275
chr1	255000001	256000000	1.046622082
chr7	108000001	109000000	1.0466524275
chr8	103000001	104000000	1.0468650195
chr2	92000001	93000000	1.0470586585
chr7	61000001	62000000	1.047155417
chr2	228000001	229000000	1.0472954085
chr6	75000001	76000000	1.047298596
chr7	51000001	52000000	1.0477050375
chr5	166000001	167000000	1.0477186455
chr5	101000001	102000000	1.047727884
chr9	156000001	157000000	1.0477776675
chr5	125000001	126000000	1.047814947
chr1	283000001	284000000	1.0478656185
chr8	101000001	102000000	1.047952399
chr7	78000001	79000000	1.0479987955
chr4	115000001	116000000	1.048030722
chr1	80000001	81000000	1.0480440925
chr1	209000001	210000000	1.0482285725
chr4	171000001	172000000	1.048232628
chr3	168000001	169000000	1.04827466
chr4	207000001	208000000	1.0482827345
chr3	190000001	191000000	1.048375926
chr2	36000001	37000000	1.048447406
chr10	120000001	121000000	1.048482581
chr4	41000001	42000000	1.048533938
chr10	5000001	6000000	1.048692315
chr7	169000001	170000000	1.0487224235
chr6	170000001	171000000	1.04873533
chr4	99000001	100000000	1.0488150775
chr1	21000001	22000000	1.0489677555
chr6	54000001	55000000	1.048970851
chr1	229000001	230000000	1.04902997
chr10	92000001	93000000	1.0491615065
chr8	167000001	168000000	1.0495836055
chr1	66000001	67000000	1.0497558035
chr8	153000001	154000000	1.0499354485
chr1	50000001	51000000	1.049994538
chr2	73000001	74000000	1.0500731965
chr1	127000001	128000000	1.0501137705
chr3	171000001	172000000	1.0502025965
chr5	215000001	216000000	1.050248332
chr3	117000001	118000000	1.0503928065
chr5	117000001	118000000	1.0505058375
chr8	110000001	111000000	1.05060483
chr7	59000001	60000000	1.050626703
chr1	59000001	60000000	1.051185083
chr4	74000001	75000000	1.051256941
chr8	47000001	48000000	1.051273479
chr3	185000001	186000000	1.0513150575
chr3	73000001	74000000	1.051391833
chr5	46000001	47000000	1.051437801
chr1	230000001	231000000	1.051501593
chr6	121000001	122000000	1.0515439405
chr3	204000001	205000000	1.051789266
chr5	87000001	88000000	1.0518883495
chr8	81000001	82000000	1.0519005165
chr1	282000001	283000000	1.051918296
chr10	4000001	5000000	1.052073035
chr8	129000001	130000000	1.052131003
chr5	122000001	123000000	1.0522449035
chr2	15000001	16000000	1.0523710465
chr10	33000001	34000000	1.05238204
chr8	80000001	81000000	1.052406757
chr1	60000001	61000000	1.0524417095
chr8	169000001	170000000	1.052441771
chr2	101000001	102000000	1.052549017
chr4	92000001	93000000	1.05262034
chr1	56000001	57000000	1.0527873165
chr2	93000001	94000000	1.052850727
chr7	68000001	69000000	1.052933865
chr3	80000001	81000000	1.0529779385
chr1	58000001	59000000	1.0530032485
chr1	290000001	291000000	1.053129056
chr3	180000001	181000000	1.0531575805
chr6	171000001	172000000	1.053231234
chr8	137000001	138000000	1.0533322805
chr7	122000001	123000000	1.0537556765
chr6	130000001	131000000	1.0537910505
chr1	156000001	157000000	1.0541384305
chr7	157000001	158000000	1.054309752
chr8	152000001	153000000	1.054429279
chr1	185000001	186000000	1.0545184325
chr1	215000001	216000000	1.0545820815
chr8	123000001	124000000	1.054591604
chr4	77000001	78000000	1.0546356105
chr1	147000001	148000000	1.0547328745
chr2	32000001	33000000	1.054755806
chr4	111000001	112000000	1.054825707
chr4	112000001	113000000	1.0549489025
chr5	164000001	165000000	1.0550280715
chr1	267000001	268000000	1.0550711855
chr2	37000001	38000000	1.055139015
chr9	87000001	88000000	1.055225759
chr4	16000001	17000000	1.05522803
chr2	29000001	30000000	1.0552584245
chr6	62000001	63000000	1.055262805
chr1	13000001	14000000	1.0552846295
chr4	27000001	28000000	1.055419599
chr9	61000001	62000000	1.055458073
chr8	121000001	122000000	1.055581718
chr8	54000001	55000000	1.0556724165
chr8	170000001	171000000	1.0557969315
chr2	30000001	31000000	1.055837615
chr1	234000001	235000000	1.055913334
chr7	162000001	163000000	1.0559904005
chr3	178000001	179000000	1.0560923985
chr2	107000001	108000000	1.056313249
chr6	128000001	129000000	1.0563420365
chr7	86000001	87000000	1.0564152115
chr4	22000001	23000000	1.0564461325
chr7	168000001	169000000	1.056529749
chr4	98000001	99000000	1.056595421
chr8	88000001	89000000	1.056747016
chr8	98000001	99000000	1.057266918
chr5	216000001	217000000	1.0572797805
chr8	55000001	56000000	1.057367797
chr10	71000001	72000000	1.0573929095
chr5	121000001	122000000	1.0573936395
chr1	294000001	295000000	1.057522163
chr1	78000001	79000000	1.0577687145
chr1	64000001	65000000	1.0578610945
chr8	109000001	110000000	1.057866886
chr1	254000001	255000000	1.057964663
chr7	50000001	51000000	1.05805171
chr3	50000001	51000000	1.058091799
chr2	206000001	207000000	1.058119038
chr5	45000001	46000000	1.058188033
chr8	135000001	136000000	1.058283146
chr4	28000001	29000000	1.0584551445
chr3	174000001	175000000	1.0585101935
chr7	163000001	164000000	1.0585206615
chr4	154000001	155000000	1.0586530325
chr7	151000001	152000000	1.0587697705
chr10	60000001	61000000	1.058821328
chr3	71000001	72000000	1.0590003405
chr1	10000001	11000000	1.059044997
chr1	46000001	47000000	1.059087335
chr10	2000001	3000000	1.0591403215
chr8	130000001	131000000	1.059341119
chr1	16000001	17000000	1.0593937105
chr5	165000001	166000000	1.059425324
chr4	153000001	154000000	1.059448001
chr8	158000001	159000000	1.0594517705
chr10	148000001	149000000	1.0594859435
chr9	72000001	73000000	1.059520144
chr7	161000001	162000000	1.059678953
chr2	11000001	12000000	1.0597004
chr2	76000001	77000000	1.0597665155
chr2	25000001	26000000	1.059790717
chr10	53000001	54000000	1.0597910645
chr9	117000001	118000000	1.0598499625
chr3	47000001	48000000	1.0599668225
chr7	146000001	147000000	1.0602516185
chr1	27000001	28000000	1.060308357
chr1	29000001	30000000	1.0603640455
chr8	147000001	148000000	1.06043065
chr3	98000001	99000000	1.0604682005
chr7	91000001	92000000	1.0605060475
chr10	101000001	102000000	1.0606348765
chr1	177000001	178000000	1.0606985565
chr4	32000001	33000000	1.0607485545
chr7	143000001	144000000	1.0607961715
chr1	253000001	254000000	1.0608667875
chr8	71000001	72000000	1.060945957
chr2	170000001	171000000	1.0610848595
chr5	67000001	68000000	1.0612908575
chr2	24000001	25000000	1.061393461
chr7	170000001	171000000	1.0614999825
chr8	58000001	59000000	1.0615967355
chr1	196000001	197000000	1.061622344
chr3	181000001	182000000	1.061671878
chr4	117000001	118000000	1.061926132
chr9	133000001	134000000	1.0620343865
chr6	151000001	152000000	1.0620393915
chr4	100000001	101000000	1.0620711725
chr1	273000001	274000000	1.0623194655
chr7	138000001	139000000	1.062357269
chr1	63000001	64000000	1.062415912
chr8	164000001	165000000	1.0624212035
chr8	155000001	156000000	1.0625283305
chr1	32000001	33000000	1.0625375135
chr4	223000001	224000000	1.062597188
chr3	205000001	206000000	1.062805945
chr3	193000001	194000000	1.0628466395
chr4	54000001	55000000	1.062847231
chr10	82000001	83000000	1.062929694
chr1	35000001	36000000	1.062959361
chr9	20000001	21000000	1.0631011675
chr4	5000001	6000000	1.063153668
chr4	106000001	107000000	1.063271825
chr4	104000001	105000000	1.0634007785
chr1	240000001	241000000	1.0634429285
chr5	123000001	124000000	1.063469608
chr7	142000001	143000000	1.0635154965
chr1	200000001	201000000	1.063541928
chr8	162000001	163000000	1.06358769
chr4	24000001	25000000	1.0636706325
chr3	203000001	204000000	1.063730586
chr1	44000001	45000000	1.0638613495
chr1	45000001	46000000	1.063957234
chr6	57000001	58000000	1.063961516
chr5	59000001	60000000	1.063983629
chr9	67000001	68000000	1.064318015
chr7	57000001	58000000	1.064375535
chr8	113000001	114000000	1.064533353
chr1	265000001	266000000	1.0646088675
chr7	71000001	72000000	1.064939256
chr3	198000001	199000000	1.064983893
chr6	129000001	130000000	1.065005308
chr1	152000001	153000000	1.0650462
chr1	30000001	31000000	1.0651260455
chr5	110000001	111000000	1.065166624
chr5	162000001	163000000	1.0651719975
chr8	107000001	108000000	1.065211611
chr4	97000001	98000000	1.0652271965
chr9	59000001	60000000	1.0653021765
chr1	210000001	211000000	1.065366685
chr1	276000001	277000000	1.0654620945
chr1	130000001	131000000	1.0655482195
chr2	89000001	90000000	1.0655662945
chr1	280000001	281000000	1.065696922
chr8	93000001	94000000	1.0657117615
chr3	95000001	96000000	1.065928997
chr4	37000001	38000000	1.0659437765
chr1	266000001	267000000	1.06596584
chr5	40000001	41000000	1.066091805
chr2	38000001	39000000	1.066118758
chr4	78000001	79000000	1.066136125
chr5	130000001	131000000	1.066147023
chr8	131000001	132000000	1.066154204
chr7	141000001	142000000	1.066198465
chr4	40000001	41000000	1.066222599
chr3	55000001	56000000	1.066334544
chr7	159000001	160000000	1.0663421435
chr5	149000001	150000000	1.066346331
chr4	31000001	32000000	1.0663640155
chr6	172000001	173000000	1.0665488355
chr5	116000001	117000000	1.066575991
chr3	206000001	207000000	1.0665781285
chr1	131000001	132000000	1.0669536405
chr2	13000001	14000000	1.066967543
chr1	125000001	126000000	1.066971603
chr4	89000001	90000000	1.0670922575
chr5	103000001	104000000	1.067095978
chr3	179000001	180000000	1.0671439285
chr4	227000001	228000000	1.067156223
chr2	18000001	19000000	1.0676074095
chr4	35000001	36000000	1.067626933
chr10	129000001	130000000	1.067781331
chr1	41000001	42000000	1.067888115
chr3	169000001	170000000	1.067893083
chr4	140000001	141000000	1.0679176335
chr5	66000001	67000000	1.0679735265
chr8	145000001	146000000	1.0681548285
chr6	53000001	54000000	1.068180483
chr5	107000001	108000000	1.068236906
chr8	136000001	137000000	1.068438263
chr10	3000001	4000000	1.0685414665
chr5	219000001	220000000	1.0685552805
chr5	222000001	223000000	1.068585826
chr4	3000001	4000000	1.0686658685
chr3	184000001	185000000	1.068767743
chr3	155000001	156000000	1.068980955
chr8	50000001	51000000	1.0689961755
chr3	182000001	183000000	1.0690269455
chr3	175000001	176000000	1.069073846
chr8	124000001	125000000	1.0690771085
chr1	291000001	292000000	1.0692590215
chr1	171000001	172000000	1.0694091205
chr8	92000001	93000000	1.06954636
chr6	58000001	59000000	1.069568556
chr6	111000001	112000000	1.0696417935
chr5	14000001	15000000	1.069656426
chr5	213000001	214000000	1.0697507035
chr4	91000001	92000000	1.069778015
chr4	232000001	233000000	1.069795577
chr1	36000001	37000000	1.0698836445
chr4	38000001	39000000	1.069948186
chr1	292000001	293000000	1.070167523
chr8	95000001	96000000	1.0702623945
chr8	79000001	80000000	1.0703288515
chr2	20000001	21000000	1.0703807725
chr2	12000001	13000000	1.0704522585
chr1	47000001	48000000	1.070471929
chr3	166000001	167000000	1.0706388
chr4	103000001	104000000	1.070689133
chr1	179000001	180000000	1.070724806
chr1	38000001	39000000	1.0707361875
chr8	165000001	166000000	1.0707479565
chr1	304000001	305000000	1.0707868865
chr8	119000001	120000000	1.070812728
chr7	123000001	124000000	1.070970188
chr3	94000001	95000000	1.071062769
chr9	1000001	2000000	1.0711121985
chr3	191000001	192000000	1.071224455
chr2	77000001	78000000	1.0713300285
chr10	61000001	62000000	1.0713798695
chr9	89000001	90000000	1.0714084765
chr2	160000001	161000000	1.071578842
chr2	179000001	180000000	1.071651667
chr3	62000001	63000000	1.0716891935
chr2	205000001	206000000	1.0717032785
chr10	110000001	111000000	1.071753874
chr4	209000001	210000000	1.071875106
chr1	140000001	141000000	1.0718981595
chr8	100000001	101000000	1.0718989225
chr8	91000001	92000000	1.0719272045
chr1	217000001	218000000	1.0719762985
chr7	164000001	165000000	1.071991212
chr1	298000001	299000000	1.0720059145
chr8	49000001	50000000	1.0720297425
chr4	14000001	15000000	1.07206676
chr7	140000001	141000000	1.0721106725
chr3	130000001	131000000	1.072156527
chr2	139000001	140000000	1.0722079625
chr5	112000001	113000000	1.072275265
chr2	23000001	24000000	1.072380835
chr3	200000001	201000000	1.072437089
chr1	31000001	32000000	1.072599949
chr1	226000001	227000000	1.072753027
chr1	241000001	242000000	1.072792025
chr3	78000001	79000000	1.0728725445
chr3	201000001	202000000	1.0732610585
chr4	75000001	76000000	1.073331167
chr1	211000001	212000000	1.073394459
chr1	216000001	217000000	1.0734252065
chr1	55000001	56000000	1.073636009
chr2	166000001	167000000	1.0737375945
chr4	21000001	22000000	1.07374534
chr1	19000001	20000000	1.073895466
chr1	293000001	294000000	1.0739325275
chr4	19000001	20000000	1.0739473175
chr4	108000001	109000000	1.0739704565
chr8	161000001	162000000	1.074039252
chr7	154000001	155000000	1.0740635235
chr8	157000001	158000000	1.074502184
chr1	153000001	154000000	1.074546789
chr2	103000001	104000000	1.074571043
chr1	159000001	160000000	1.0746228105
chr7	152000001	153000000	1.074697731
chr10	75000001	76000000	1.0747181765
chr5	113000001	114000000	1.074823626
chr1	173000001	174000000	1.0749111005
chr1	178000001	179000000	1.074971114
chr9	115000001	116000000	1.074996139
chr2	75000001	76000000	1.0750370065
chr3	170000001	171000000	1.07506415
chr4	23000001	24000000	1.075132538
chr8	59000001	60000000	1.07514498
chr3	157000001	158000000	1.0752756435
chr4	26000001	27000000	1.07559679
chr8	151000001	152000000	1.0756355695
chr7	62000001	63000000	1.0757318575
chr7	76000001	77000000	1.075860243
chr3	159000001	160000000	1.0758802065
chr4	33000001	34000000	1.0759406995
chr1	15000001	16000000	1.075975041
chr4	114000001	115000000	1.075999792
chr8	116000001	117000000	1.076018055
chr1	77000001	78000000	1.0760235015
chr1	269000001	270000000	1.0761264385
chr5	115000001	116000000	1.076147905
chr8	97000001	98000000	1.076214578
chr5	105000001	106000000	1.076242175
chr1	111000001	112000000	1.076372798
chr8	120000001	121000000	1.0767434265
chr8	86000001	87000000	1.0770600125
chr1	231000001	232000000	1.077129828
chr8	89000001	90000000	1.07714817
chr6	160000001	161000000	1.07715009
chr3	202000001	203000000	1.077158231
chr6	157000001	158000000	1.077212717
chr10	27000001	28000000	1.077251829
chr4	226000001	227000000	1.0772594265
chr1	297000001	298000000	1.0772765135
chr8	174000001	175000000	1.0773355805
chr1	26000001	27000000	1.077446237
chr1	268000001	269000000	1.077564367
chr8	172000001	173000000	1.0776538035
chr4	107000001	108000000	1.07766387
chr1	227000001	228000000	1.0776772315
chr4	179000001	180000000	1.077741087
chr1	151000001	152000000	1.0778317355
chr2	14000001	15000000	1.077927615
chr3	177000001	178000000	1.0780703285
chr8	104000001	105000000	1.078122256
chr6	72000001	73000000	1.0781554365
chr1	239000001	240000000	1.0781671735
chr9	158000001	159000000	1.07825064
chr5	119000001	120000000	1.078268358
chr8	150000001	151000000	1.0783140355
chr2	83000001	84000000	1.078332242
chr1	17000001	18000000	1.0783517445
chr4	20000001	21000000	1.078380219
chr7	153000001	154000000	1.078657448
chr2	34000001	35000000	1.078659772
chr8	106000001	107000000	1.0787189205
chr1	9000001	10000000	1.078725668
chr1	154000001	155000000	1.078913491
chr1	161000001	162000000	1.079000014
chr6	12000001	13000000	1.079016297
chr3	70000001	71000000	1.0791901445
chr7	73000001	74000000	1.0797568555
chr9	64000001	65000000	1.08013001
chr1	139000001	140000000	1.08013221
chr4	105000001	106000000	1.0802469465
chr1	49000001	50000000	1.080295652
chr1	14000001	15000000	1.0803475585
chr4	118000001	119000000	1.0805530455
chr1	208000001	209000000	1.0805653685
chr5	31000001	32000000	1.0807171025
chr5	98000001	99000000	1.080790809
chr3	199000001	200000000	1.080956139
chr4	60000001	61000000	1.0810522805
chr1	285000001	286000000	1.081205686
chr6	48000001	49000000	1.081240066
chr8	132000001	133000000	1.081248775
chr1	252000001	253000000	1.081272765
chr8	117000001	118000000	1.0812859505
chr6	91000001	92000000	1.0812880565
chr4	101000001	102000000	1.081385387
chr5	120000001	121000000	1.0816708525
chr1	8000001	9000000	1.0817732285
chr8	70000001	71000000	1.081814539
chr8	176000001	177000000	1.0818570765
chr6	169000001	170000000	1.0818678515
chr7	84000001	85000000	1.081970037
chr4	120000001	121000000	1.0819884955
chr1	270000001	271000000	1.0820185255
chr2	19000001	20000000	1.0821433175
chr4	228000001	229000000	1.0822199085
chr1	34000001	35000000	1.0822605885
chr5	111000001	112000000	1.0828276625
chr5	102000001	103000000	1.0831888095
chr3	43000001	44000000	1.0832335285
chr7	165000001	166000000	1.083345712
chr1	212000001	213000000	1.0835829
chr1	278000001	279000000	1.083600911
chr8	139000001	140000000	1.083611107
chr10	131000001	132000000	1.0836786205
chr1	204000001	205000000	1.083725223
chr9	63000001	64000000	1.0837460905
chr7	137000001	138000000	1.0837867955
chr8	133000001	134000000	1.0837925885
chr9	88000001	89000000	1.083895173
chr3	192000001	193000000	1.084058581
chr7	37000001	38000000	1.084218135
chr1	242000001	243000000	1.0842642525
chr1	12000001	13000000	1.0843721705
chr4	57000001	58000000	1.084460191
chr4	25000001	26000000	1.084644241
chr8	144000001	145000000	1.084694338
chr1	43000001	44000000	1.084699922
chr1	6000001	7000000	1.084720357
chr4	222000001	223000000	1.084755365
chr1	7000001	8000000	1.0848059235
chr1	4000001	5000000	1.0848448505
chr7	171000001	172000000	1.084848545
chr8	143000001	144000000	1.0849257005
chr1	28000001	29000000	1.0850063055
chr3	187000001	188000000	1.08503187
chr5	217000001	218000000	1.0850389015
chr4	49000001	50000000	1.0850889335
chr1	206000001	207000000	1.0851213155
chr1	146000001	147000000	1.085470316
chr1	258000001	259000000	1.085625253
chr7	79000001	80000000	1.0858640005
chr4	96000001	97000000	1.0859675855
chr1	67000001	68000000	1.0861388585
chr9	86000001	87000000	1.0862210155
chr1	238000001	239000000	1.0863408695
chr4	47000001	48000000	1.086351771
chr1	257000001	258000000	1.0864476995
chr1	155000001	156000000	1.086480121
chr2	158000001	159000000	1.0865465765
chr9	78000001	79000000	1.086720727
chr4	121000001	122000000	1.086801377
chr4	116000001	117000000	1.0870420925
chr4	225000001	226000000	1.0871746405
chr7	167000001	168000000	1.0871866255
chr1	235000001	236000000	1.0871932215
chr2	10000001	11000000	1.0872999515
chr1	51000001	52000000	1.0873848775
chr8	146000001	147000000	1.0874037155
chr8	94000001	95000000	1.0876865555
chr8	60000001	61000000	1.087816901
chr7	74000001	75000000	1.087839427
chr4	122000001	123000000	1.088232334
chr5	92000001	93000000	1.088238382
chr8	85000001	86000000	1.088370848
chr1	79000001	80000000	1.0883999295
chr7	75000001	76000000	1.088496623
chr1	275000001	276000000	1.08878428
chr6	102000001	103000000	1.0888761365
chr5	114000001	115000000	1.089034193
chr3	121000001	122000000	1.089054396
chr1	180000001	181000000	1.0890558415
chr1	303000001	304000000	1.0891111735
chr4	15000001	16000000	1.0891140135
chr10	106000001	107000000	1.089181034
chr8	166000001	167000000	1.089584478
chr8	159000001	160000000	1.0896736625
chr7	97000001	98000000	1.0897565015
chr4	186000001	187000000	1.089849585
chr1	245000001	246000000	1.089917253
chr1	224000001	225000000	1.090228417
chr1	199000001	200000000	1.09026204
chr7	150000001	151000000	1.090374446
chr1	288000001	289000000	1.0904332365
chr10	91000001	92000000	1.090675064
chr3	173000001	174000000	1.090807115
chr9	120000001	121000000	1.0908087435
chr5	44000001	45000000	1.0909245495
chr6	168000001	169000000	1.0912197795
chr4	124000001	125000000	1.0914824565
chr4	58000001	59000000	1.091563553
chr1	306000001	307000000	1.091919327
chr1	198000001	199000000	1.092598373
chr1	272000001	273000000	1.0927999135
chr10	144000001	145000000	1.0930164765
chr10	143000001	144000000	1.0931345965
chr8	140000001	141000000	1.093281674
chr8	138000001	139000000	1.093444913
chr1	213000001	214000000	1.093562558
chr5	48000001	49000000	1.0937328045
chr1	251000001	252000000	1.0938270065
chr8	180000001	181000000	1.0941103225
chr7	83000001	84000000	1.094281265
chr1	128000001	129000000	1.094402708
chr7	148000001	149000000	1.094455519
chr4	168000001	169000000	1.0944580465
chr3	189000001	190000000	1.0944841135
chr9	62000001	63000000	1.0947345235
chr3	188000001	189000000	1.095118778
chr9	60000001	61000000	1.0952254015
chr1	243000001	244000000	1.0953135445
chr8	149000001	150000000	1.0953152055
chr8	96000001	97000000	1.095319664
chr1	296000001	297000000	1.0956619635
chr8	148000001	149000000	1.0957666905
chr4	59000001	60000000	1.095778146
chr8	11000001	12000000	1.095907089
chr4	102000001	103000000	1.09611843
chr10	59000001	60000000	1.0962888285
chr1	11000001	12000000	1.0963657985
chr8	134000001	135000000	1.0963833525
chr8	178000001	179000000	1.096810795
chr7	158000001	159000000	1.0976385475
chr1	129000001	130000000	1.0977947675
chr8	84000001	85000000	1.0985344065
chr8	175000001	176000000	1.0992947525
chr2	27000001	28000000	1.099502229
chr1	284000001	285000000	1.1000193395
chr1	281000001	282000000	1.100112976
chr3	52000001	53000000	1.100321741
chr1	5000001	6000000	1.1008162665
chr8	115000001	116000000	1.1010143545
chr2	96000001	97000000	1.101769852
chr1	233000001	234000000	1.101823898
chr4	51000001	52000000	1.1019582915
chr10	142000001	143000000	1.10202231
chr8	142000001	143000000	1.1020873745
chr9	65000001	66000000	1.1022123825
chr3	53000001	54000000	1.102588372
chr1	221000001	222000000	1.1035330075
chr4	36000001	37000000	1.104507356
chr1	237000001	238000000	1.104623508
chr4	169000001	170000000	1.1047378645
chr1	18000001	19000000	1.105167369
chr7	38000001	39000000	1.1052728935
chr8	83000001	84000000	1.106218082
chr4	50000001	51000000	1.1063586355
chr10	105000001	106000000	1.106865694
chr1	246000001	247000000	1.10699649
chr1	248000001	249000000	1.1071058045
chr7	139000001	140000000	1.107598224
chr8	141000001	142000000	1.108025911
chr8	82000001	83000000	1.1086326715
chr1	302000001	303000000	1.108662608
chr1	222000001	223000000	1.1089607265
chr3	196000001	197000000	1.109258887
chr4	30000001	31000000	1.109319635
chr6	83000001	84000000	1.1096690705
chr1	295000001	296000000	1.1097377985
chr1	300000001	301000000	1.1098306685
chr4	17000001	18000000	1.1100570445
chr3	197000001	198000000	1.110310238
chr5	1000001	2000000	1.1113456135
chr1	190000001	191000000	1.1118570325
chr6	55000001	56000000	1.112545794
chr3	66000001	67000000	1.112745462
chr3	195000001	196000000	1.113218878
chr1	305000001	306000000	1.1136450765
chr8	179000001	180000000	1.115326555
chr5	104000001	105000000	1.115376298
chr9	58000001	59000000	1.1174686705
chr4	198000001	199000000	1.1193389365
chr1	25000001	26000000	1.120681687
chr1	232000001	233000000	1.1208707745
chr3	194000001	195000000	1.121161688
chr1	223000001	224000000	1.1222424605
chr1	244000001	245000000	1.123032615
chr1	182000001	183000000	1.123337696
chr4	4000001	5000000	1.123796916
chr1	197000001	198000000	1.1246613145
chr8	154000001	155000000	1.1247125355
chr10	149000001	150000000	1.125486004
chr1	24000001	25000000	1.1271258875
chr5	1	1000000	1.1281758955
chr1	40000001	41000000	1.1305345775
chr5	13000001	14000000	1.1322493325
chr8	118000001	119000000	1.1333336835
chr4	18000001	19000000	1.1354679225
chr7	56000001	57000000	1.1357946755
chr1	247000001	248000000	1.137046486
chr8	1	1000000	1.1400332255
chr8	177000001	178000000	1.1490021995
chr2	237000001	238000000	1.149004578
chr1	220000001	221000000	1.150768485
chr9	1	1000000	1.1523494085
chr3	164000001	165000000	1.1599289175
chr3	83000001	84000000	1.1619253195
chr6	84000001	85000000	1.1713753975
chr3	79000001	80000000	1.17492848
chr1	1	1000000	1.183704246
chr5	212000001	213000000	1.1914969495
chr3	1	1000000	1.191520616
chr5	167000001	168000000	1.193964808
chr5	192000001	193000000	1.2046642605
chr6	15000001	16000000	1.206290936
chr1	271000001	272000000	1.2124693335
chr2	238000001	239000000	1.213845436
chr1	225000001	226000000	1.2242838935
chr1	250000001	251000000	1.2270407285
chr2	242000001	243000000	1.230358278
chr7	155000001	156000000	1.2311767505
chr8	160000001	161000000	1.2344299695
chr1	137000001	138000000	1.2518616975
chr1	134000001	135000000	1.253301199
chr5	200000001	201000000	1.2545071935
chr7	58000001	59000000	1.2618481685
chr5	108000001	109000000	1.270668017
chr2	157000001	158000000	1.274006227
chr5	124000001	125000000	1.3010988795
chr6	13000001	14000000	1.301995745
chr1	183000001	184000000	1.3170080915
chr9	57000001	58000000	1.3172898905
chr6	173000001	174000000	1.317353106
chr4	170000001	171000000	1.346023556
chr4	182000001	183000000	1.376294007
chr4	109000001	110000000	1.379204524
chr6	10000001	11000000	1.4262307635
chr7	174000001	175000000	1.4293845895
chr4	6000001	7000000	1.51458101
chr3	165000001	166000000	1.516278262
chr6	14000001	15000000	2.1860367415
chr6	24000001	25000000	0.53019992
chr6	23000001	24000000	0.5730702375
chr7	93000001	94000000	0.58640928
chr3	90000001	91000000	0.61236282
chr6	80000001	81000000	0.642691259
chr9	41000001	42000000	0.6500167275
chr3	46000001	47000000	0.6513268245
chr4	9000001	10000000	0.6537846345
chr2	119000001	120000000	0.6558483705
chr6	22000001	23000000	0.6737703485
chr7	117000001	118000000	0.6823584785
chr9	75000001	76000000	0.6876917485
chr2	109000001	110000000	0.7127114065
chr1	167000001	168000000	0.72028775
chr7	43000001	44000000	0.734705899
chr7	120000001	121000000	0.736621751
chr6	103000001	104000000	0.73836069
chr5	77000001	78000000	0.739588712
chr2	79000001	80000000	0.740765927
chr9	80000001	81000000	0.741833212
chr6	60000001	61000000	0.7420849735
chr9	48000001	49000000	0.747636897
chr5	128000001	129000000	0.7507713495
chr6	34000001	35000000	0.7544414405
chr3	33000001	34000000	0.755777624
chr5	157000001	158000000	0.7562456205
chr9	27000001	28000000	0.7566215525
chr9	76000001	77000000	0.758436089
chr9	46000001	47000000	0.759738981
chr7	27000001	28000000	0.7622083945
chr9	85000001	86000000	0.7644320525
chr2	48000001	49000000	0.764714392
chr10	57000001	58000000	0.7676102305
chr5	52000001	53000000	0.7700801335
chr6	37000001	38000000	0.7716031085
chr2	60000001	61000000	0.776576445
chr5	136000001	137000000	0.7770006575
chr7	11000001	12000000	0.777277343
chr3	108000001	109000000	0.778395572
chr10	132000001	133000000	0.7788769785
chr2	120000001	121000000	0.7807072395
chr2	114000001	115000000	0.7813621235
chr6	38000001	39000000	0.7840819175
chr2	100000001	101000000	0.785362618
chr5	84000001	85000000	0.7877889945
chr9	49000001	50000000	0.787978161
chr2	171000001	172000000	0.7885193445
chr9	69000001	70000000	0.789324594
chr9	74000001	75000000	0.7897175685
chr3	113000001	114000000	0.7910012125
chr5	73000001	74000000	0.792359273
chr3	36000001	37000000	0.7927346
chr5	78000001	79000000	0.795542482
chr1	122000001	123000000	0.7963664455
chr2	151000001	152000000	0.796950097
chr6	17000001	18000000	0.7975131805
chr6	71000001	72000000	0.7978071945
chr5	139000001	140000000	0.801854414
chr5	135000001	136000000	0.8041159215
chr6	45000001	46000000	0.8047890605
chr2	148000001	149000000	0.805874124
chr9	50000001	51000000	0.8062830145
chr3	22000001	23000000	0.806731375
chr10	111000001	112000000	0.8077311225
chr1	116000001	117000000	0.8085162525
chr9	42000001	43000000	0.8089932265
chr6	35000001	36000000	0.81032586
chr2	143000001	144000000	0.81036694
chr10	36000001	37000000	0.8124590125
chr2	44000001	45000000	0.812496884
chr7	80000001	81000000	0.812937669
chr9	71000001	72000000	0.814366818
chr2	142000001	143000000	0.814747146
chr2	123000001	124000000	0.8150487425
chr5	89000001	90000000	0.818188933
chr3	84000001	85000000	0.818319166
chr7	24000001	25000000	0.818847312
chr8	18000001	19000000	0.8191193945
chr7	131000001	132000000	0.8206334085
chr9	33000001	34000000	0.820649561
chr3	32000001	33000000	0.8208408295
chr5	181000001	182000000	0.8211948795
chr7	22000001	23000000	0.821340512
chr8	15000001	16000000	0.823495549
chr3	146000001	147000000	0.823527195
chr7	32000001	33000000	0.824113285
chr10	46000001	47000000	0.824525052
chr5	25000001	26000000	0.82456425
chr1	83000001	84000000	0.8246731085
chr8	68000001	69000000	0.8250268225
chr6	79000001	80000000	0.825593854
chr7	17000001	18000000	0.8264697015
chr7	52000001	53000000	0.82714297
chr5	146000001	147000000	0.828058089
chr9	43000001	44000000	0.829284659
chr3	67000001	68000000	0.8294081505
chr8	61000001	62000000	0.8296477405
chr2	199000001	200000000	0.82983473
chr2	98000001	99000000	0.830063028
chr2	99000001	100000000	0.831021127
chr2	71000001	72000000	0.831195468
chr1	117000001	118000000	0.8312323185
chr7	92000001	93000000	0.832336125
chr7	118000001	119000000	0.832453941
chr1	165000001	166000000	0.833315967
chr10	45000001	46000000	0.833725572
chr6	104000001	105000000	0.8342680325
chr10	124000001	125000000	0.8347279485
chr7	25000001	26000000	0.8350541535
chr1	98000001	99000000	0.8355494715
chr2	154000001	155000000	0.8365647405
chr6	40000001	41000000	0.837251557
chr10	114000001	115000000	0.8372875545
chr9	95000001	96000000	0.8385089785
chr5	74000001	75000000	0.838612811
chr10	85000001	86000000	0.838873669
chr1	84000001	85000000	0.8396077995
chr10	56000001	57000000	0.8398953675
chr7	103000001	104000000	0.840152627
chr5	72000001	73000000	0.840250284
chr10	30000001	31000000	0.840297588
chr1	144000001	145000000	0.840540099
chr6	20000001	21000000	0.8406508645
chr9	102000001	103000000	0.840758015
chr3	127000001	128000000	0.8413042015
chr4	142000001	143000000	0.8416169265
chr10	47000001	48000000	0.841791653
chr7	105000001	106000000	0.8423320595
chr7	33000001	34000000	0.842804277
chr6	67000001	68000000	0.843096825
chr6	44000001	45000000	0.8433599785
chr5	61000001	62000000	0.843817993
chr2	182000001	183000000	0.8449687915
chr7	42000001	43000000	0.8450072235
chr2	95000001	96000000	0.845175034
chr1	150000001	151000000	0.8478311405
chr6	16000001	17000000	0.8485190725
chr2	78000001	79000000	0.848696376
chr7	132000001	133000000	0.8489467175
chr3	20000001	21000000	0.849218811
chr5	159000001	160000000	0.8493617015
chr2	172000001	173000000	0.849448458
chr2	108000001	109000000	0.849510987
chr7	124000001	125000000	0.8496060245
chr10	37000001	38000000	0.850521382
chr1	162000001	163000000	0.8509479155
chr3	15000001	16000000	0.851707015
chr5	9000001	10000000	0.852688923
chr3	86000001	87000000	0.8529353465
chr8	69000001	70000000	0.853680254
chr3	63000001	64000000	0.8537313865
chr2	173000001	174000000	0.853780476
chr2	51000001	52000000	0.853944087
chr10	79000001	80000000	0.854305885
chr3	34000001	35000000	0.854464361
chr6	3000001	4000000	0.8545926135
chr6	11000001	12000000	0.854791646
chr9	91000001	92000000	0.854954201
chr2	43000001	44000000	0.855117447
chr2	193000001	194000000	0.8551234225
chr7	20000001	21000000	0.855635952
chr6	78000001	79000000	0.8562930325
chr9	11000001	12000000	0.856432768
chr2	212000001	213000000	0.856553193
chr2	62000001	63000000	0.8570682845
chr3	114000001	115000000	0.85765998
chr8	31000001	32000000	0.858030849
chr9	103000001	104000000	0.858199959
chr6	63000001	64000000	0.8583381745
chr7	14000001	15000000	0.85937818
chr3	105000001	106000000	0.8600719995
chr6	69000001	70000000	0.860499021
chr9	83000001	84000000	0.861289528
chr1	163000001	164000000	0.861437328
chr8	2000001	3000000	0.862210754
chr3	35000001	36000000	0.8622896735
chr7	26000001	27000000	0.862507618
chr4	215000001	216000000	0.8625864845
chr3	60000001	61000000	0.8631454075
chr7	128000001	129000000	0.8637700455
chr5	137000001	138000000	0.8640682605
chr2	168000001	169000000	0.864271881
chr10	16000001	17000000	0.86462497
chr2	152000001	153000000	0.8646651705
chr5	140000001	141000000	0.8656136105
chr2	56000001	57000000	0.8657238795
chr2	52000001	53000000	0.867123579
chr10	107000001	108000000	0.8672066325
chr2	57000001	58000000	0.8692728965
chr7	88000001	89000000	0.86931325
chr10	20000001	21000000	0.869322336
chr7	112000001	113000000	0.869323307
chr8	17000001	18000000	0.8698447355
chr9	114000001	115000000	0.869848156
chr2	127000001	128000000	0.869977668
chr8	26000001	27000000	0.8711436185
chr6	68000001	69000000	0.871852645
chr6	109000001	110000000	0.8720428095
chr2	61000001	62000000	0.872273416
chr10	77000001	78000000	0.872546441
chr7	12000001	13000000	0.8729614555
chr1	95000001	96000000	0.8730270625
chr9	34000001	35000000	0.8736419875
chr9	118000001	119000000	0.8743556845
chr9	18000001	19000000	0.8745240125
chr9	98000001	99000000	0.8747019535
chr3	111000001	112000000	0.8752274975
chr3	25000001	26000000	0.8753377615
chr6	116000001	117000000	0.875470405
chr8	33000001	34000000	0.8757602415
chr5	197000001	198000000	0.875936612
chr3	69000001	70000000	0.876673834
chr1	88000001	89000000	0.877157578
chr2	125000001	126000000	0.877166823
chr5	174000001	175000000	0.8773212485
chr3	143000001	144000000	0.8775207205
chr5	38000001	39000000	0.877915462
chr2	174000001	175000000	0.87796524
chr9	73000001	74000000	0.8782823035
chr3	128000001	129000000	0.879121766
chr10	97000001	98000000	0.8797819555
chr3	109000001	110000000	0.8802567665
chr2	155000001	156000000	0.880289097
chr6	90000001	91000000	0.880430583
chr2	230000001	231000000	0.8812759265
chr7	110000001	111000000	0.881451304
chr7	4000001	5000000	0.8816009845
chr3	131000001	132000000	0.88176547
chr8	41000001	42000000	0.881856131
chr3	89000001	90000000	0.881936035
chr8	22000001	23000000	0.8819369345
chr1	107000001	108000000	0.882181925
chr2	234000001	235000000	0.8822035215
chr10	86000001	87000000	0.8823474985
chr5	172000001	173000000	0.882365319
chr10	95000001	96000000	0.883654654
chr10	41000001	42000000	0.8837867245
chr6	41000001	42000000	0.884545899
chr6	6000001	7000000	0.8846941805
chr5	206000001	207000000	0.884866649
chr2	133000001	134000000	0.885180339
chr10	119000001	120000000	0.8853706495
chr2	59000001	60000000	0.885780153
chr3	21000001	22000000	0.8860152805
chr9	2000001	3000000	0.886116965
chr2	197000001	198000000	0.886167737
chr10	64000001	65000000	0.886676738
chr10	80000001	81000000	0.8879049285
chr1	105000001	106000000	0.8879748065
chr10	121000001	122000000	0.8884004815
chr1	102000001	103000000	0.8887371825
chr10	72000001	73000000	0.8889459915
chr3	87000001	88000000	0.8890879355
chr3	132000001	133000000	0.88930577
chr7	6000001	7000000	0.8893680735
chr5	63000001	64000000	0.8903737505
chr5	183000001	184000000	0.890375873
chr10	39000001	40000000	0.890418381
chr7	45000001	46000000	0.8904635995
chr2	50000001	51000000	0.8906054745
chr10	42000001	43000000	0.8906887235
chr7	23000001	24000000	0.8908532315
chr2	65000001	66000000	0.891054927
chr10	11000001	12000000	0.8911437085
chr1	71000001	72000000	0.8912108635
chr9	40000001	41000000	0.89122053
chr1	118000001	119000000	0.891232045
chr2	105000001	106000000	0.8921995495
chr6	86000001	87000000	0.8925422805
chr3	23000001	24000000	0.892739246
chr2	63000001	64000000	0.8937269955
chr2	153000001	154000000	0.8940884965
chr6	19000001	20000000	0.8942579225
chr10	63000001	64000000	0.8944168445
chr9	107000001	108000000	0.894541919
chr10	65000001	66000000	0.8947842685
chr10	38000001	39000000	0.8947973175
chr10	34000001	35000000	0.8948200505
chr9	32000001	33000000	0.89518424
chr1	168000001	169000000	0.8953465965
chr7	16000001	17000000	0.8954145015
chr2	45000001	46000000	0.8958262265
chr2	67000001	68000000	0.895836272
chr9	38000001	39000000	0.895940885
chr6	145000001	146000000	0.89602153
chr2	80000001	81000000	0.8965546605
chr5	169000001	170000000	0.896663547
chr2	233000001	234000000	0.89703381
chr3	138000001	139000000	0.897119481
chr9	116000001	117000000	0.8975853105
chr1	96000001	97000000	0.897586195
chr6	77000001	78000000	0.8977569845
chr10	112000001	113000000	0.898094154
chr2	241000001	242000000	0.8981118025
chr5	88000001	89000000	0.898214255
chr2	113000001	114000000	0.898224863
chr7	116000001	117000000	0.898304765
chr1	73000001	74000000	0.89860631
chr2	53000001	54000000	0.898726593
chr3	91000001	92000000	0.8992462265
chr2	203000001	204000000	0.899266481
chr8	13000001	14000000	0.8999184455
chr9	13000001	14000000	0.900033806
chr6	98000001	99000000	0.900094772
chr5	163000001	164000000	0.9002281745
chr1	158000001	159000000	0.9005002725
chr6	88000001	89000000	0.9007637035
chr3	27000001	28000000	0.900832124
chr2	211000001	212000000	0.90118096
chr6	94000001	95000000	0.901369461
chr8	35000001	36000000	0.901722011
chr9	35000001	36000000	0.9017751555
chr5	33000001	34000000	0.9018361165
chr10	84000001	85000000	0.901903421
chr7	94000001	95000000	0.902167735
chr2	150000001	151000000	0.9026000695
chr1	97000001	98000000	0.9026093655
chr5	194000001	195000000	0.902746364
chr2	72000001	73000000	0.902883017
chr9	26000001	27000000	0.9030279945
chr3	37000001	38000000	0.9031296895
chr5	161000001	162000000	0.9033562715
chr10	13000001	14000000	0.903573097
chr2	124000001	125000000	0.903945259
chr7	106000001	107000000	0.9039817045
chr10	73000001	74000000	0.9042408495
chr3	126000001	127000000	0.9044400205
chr2	169000001	170000000	0.9051573515
chr9	110000001	111000000	0.905629678
chr3	41000001	42000000	0.905840215
chr6	21000001	22000000	0.9059384005
chr2	220000001	221000000	0.9067270095
chr4	126000001	127000000	0.9069486745
chr7	8000001	9000000	0.907077656
chr3	82000001	83000000	0.907087196
chr4	204000001	205000000	0.9071957855
chr6	123000001	124000000	0.907819473
chr3	6000001	7000000	0.9078861105
chr2	195000001	196000000	0.907992199
chr6	142000001	143000000	0.9082512145
chr3	85000001	86000000	0.908278244
chr7	13000001	14000000	0.908305814
chr7	107000001	108000000	0.9087328945
chr8	21000001	22000000	0.908882726
chr2	46000001	47000000	0.909202032
chr6	154000001	155000000	0.909267673
chr1	70000001	71000000	0.9092702745
chr2	192000001	193000000	0.9095698195
chr9	28000001	29000000	0.9096945655
chr3	29000001	30000000	0.909896358
chr3	208000001	209000000	0.909960037
chr3	212000001	213000000	0.9101486215
chr2	219000001	220000000	0.910387898
chr2	145000001	146000000	0.910721776
chr7	119000001	120000000	0.910852733
chr2	82000001	83000000	0.9109109645
chr10	68000001	69000000	0.9109585705
chr9	31000001	32000000	0.911017993
chr5	156000001	157000000	0.911374313
chr3	19000001	20000000	0.9114994935
chr5	71000001	72000000	0.911762078
chr4	2000001	3000000	0.9121652815
chr3	39000001	40000000	0.9122941715
chr3	13000001	14000000	0.9124145635
chr10	78000001	79000000	0.91281712
chr5	24000001	25000000	0.9128215455
chr2	213000001	214000000	0.912821868
chr8	57000001	58000000	0.9131836295
chr9	146000001	147000000	0.9132093355
chr2	176000001	177000000	0.913217017
chr6	7000001	8000000	0.913380799
chr3	124000001	125000000	0.913550536
chr10	43000001	44000000	0.914050135
chr9	93000001	94000000	0.9140790385
chr10	69000001	70000000	0.9141747645
chr2	196000001	197000000	0.914292662
chr10	29000001	30000000	0.914911941
chr10	24000001	25000000	0.915017674
chr3	65000001	66000000	0.915051405
chr2	177000001	178000000	0.9153306855
chr9	94000001	95000000	0.915332621
chr7	81000001	82000000	0.915498991
chr5	76000001	77000000	0.915650461
chr10	126000001	127000000	0.915924081
chr8	6000001	7000000	0.9159744795
chr5	148000001	149000000	0.91616019
chr6	85000001	86000000	0.916235736
chr10	81000001	82000000	0.916434985
chr3	88000001	89000000	0.9164456855
chr2	161000001	162000000	0.916893525
chr2	147000001	148000000	0.9171642045
chr3	28000001	29000000	0.917488223
chr5	171000001	172000000	0.917818546
chr5	143000001	144000000	0.917991702
chr9	22000001	23000000	0.9179988785
chr6	163000001	164000000	0.9182287725
chr2	58000001	59000000	0.9182307275
chr2	141000001	142000000	0.918351041
chr3	230000001	231000000	0.918370356
chr6	120000001	121000000	0.9184966615
chr7	53000001	54000000	0.9186252
chr6	100000001	101000000	0.918725339
chr10	99000001	100000000	0.9189078655
chr9	45000001	46000000	0.918963373
chr9	151000001	152000000	0.919031985
chr1	121000001	122000000	0.919032204
chr8	19000001	20000000	0.9190364535
chr5	15000001	16000000	0.9200278175
chr8	24000001	25000000	0.9201780355
chr2	240000001	241000000	0.9207806595
chr9	4000001	5000000	0.9208421725
chr5	180000001	181000000	0.9210580015
chr7	10000001	11000000	0.9211088255
chr6	36000001	37000000	0.9212993535
chr9	143000001	144000000	0.9213097965
chr5	22000001	23000000	0.9214002215
chr1	113000001	114000000	0.9215224615
chr8	40000001	41000000	0.921689973
chr5	21000001	22000000	0.921998569
chr5	30000001	31000000	0.922191819
chr7	109000001	110000000	0.9222125605
chr3	9000001	10000000	0.9223470845
chr10	40000001	41000000	0.922413609
chr5	178000001	179000000	0.922442829
chr5	176000001	177000000	0.922495318
chr6	162000001	163000000	0.9225024045
chr10	15000001	16000000	0.9225896515
chr7	130000001	131000000	0.922632885
chr3	99000001	100000000	0.92289843
chr9	108000001	109000000	0.9232547345
chr3	56000001	57000000	0.9235484895
chr4	131000001	132000000	0.9236724975
chr6	2000001	3000000	0.9237231495
chr2	104000001	105000000	0.923877683
chr5	154000001	155000000	0.923886413
chr2	175000001	176000000	0.923892369
chr7	1000001	2000000	0.9239049945
chr9	3000001	4000000	0.9243939
chr5	41000001	42000000	0.9247553495
chr5	64000001	65000000	0.9248361365
chr3	115000001	116000000	0.924904742
chr10	14000001	15000000	0.92496199
chr1	119000001	120000000	0.9249740125
chr7	36000001	37000000	0.9251813555
chr10	140000001	141000000	0.9251851885
chr9	142000001	143000000	0.9253807115
chr2	180000001	181000000	0.9255951305
chr5	168000001	169000000	0.9258641645
chr2	136000001	137000000	0.9260273975
chr5	34000001	35000000	0.9261194505
chr3	144000001	145000000	0.926204468
chr9	138000001	139000000	0.926381499
chr3	11000001	12000000	0.9265427785
chr6	43000001	44000000	0.926766924
chr7	7000001	8000000	0.92684199
chr5	195000001	196000000	0.9269066455
chr2	222000001	223000000	0.9269089235
chr2	202000001	203000000	0.926921707
chr10	113000001	114000000	0.927021482
chr2	144000001	145000000	0.927358463
chr9	82000001	83000000	0.9274910865
chr2	138000001	139000000	0.9275637305
chr10	1	1000000	0.92763795
chr5	47000001	48000000	0.9277424765
chr10	48000001	49000000	0.9278082865
chr3	136000001	137000000	0.9283215285
chr2	221000001	222000000	0.9284018505
chr9	101000001	102000000	0.9285266865
chr3	58000001	59000000	0.9288227385
chr2	116000001	117000000	0.9288701535
chr5	90000001	91000000	0.9289082205
chr7	18000001	19000000	0.929215067
chr3	215000001	216000000	0.929480962
chr3	123000001	124000000	0.9296795465
chr5	16000001	17000000	0.929758971
chr9	53000001	54000000	0.929991473
chr2	214000001	215000000	0.930007659
chr7	115000001	116000000	0.930055962
chr10	28000001	29000000	0.930138608
chr6	119000001	120000000	0.930475613
chr6	5000001	6000000	0.9305293585
chr3	59000001	60000000	0.9306011305
chr9	23000001	24000000	0.9307631505
chr3	81000001	82000000	0.930952676
chr4	1000001	2000000	0.9314172065
chr2	183000001	184000000	0.9314556395
chr10	44000001	45000000	0.931456449
chr9	129000001	130000000	0.93163302
chr3	96000001	97000000	0.9317455505
chr9	25000001	26000000	0.9317941575
chr5	62000001	63000000	0.931958335
chr5	185000001	186000000	0.932059765
chr5	42000001	43000000	0.932203958
chr7	126000001	127000000	0.9326409545
chr1	175000001	176000000	0.932657565
chr10	137000001	138000000	0.93271519
chr2	194000001	195000000	0.932799764
chr8	27000001	28000000	0.932817903
chr6	4000001	5000000	0.9328429935
chr10	93000001	94000000	0.932869271
chr2	223000001	224000000	0.932927841
chr10	23000001	24000000	0.933052788
chr7	54000001	55000000	0.9332704295
chr6	26000001	27000000	0.933584417
chr9	148000001	149000000	0.9336459305
chr7	47000001	48000000	0.933668689
chr8	72000001	73000000	0.9336832995
chr10	21000001	22000000	0.9341309375
chr9	122000001	123000000	0.934211619
chr4	217000001	218000000	0.934240328
chr3	12000001	13000000	0.9342971045
chr3	137000001	138000000	0.934324794
chr5	20000001	21000000	0.9344486615
chr3	38000001	39000000	0.9344757475
chr10	12000001	13000000	0.934525028
chr3	7000001	8000000	0.934762103
chr10	19000001	20000000	0.9348169075
chr10	127000001	128000000	0.934906323
chr8	12000001	13000000	0.9350909675
chr2	156000001	157000000	0.935290251
chr5	85000001	86000000	0.935302091
chr3	118000001	119000000	0.9355945695
chr6	95000001	96000000	0.935784483
chr3	5000001	6000000	0.9358623675
chr2	47000001	48000000	0.935910539
chr1	93000001	94000000	0.93591768
chr5	127000001	128000000	0.9360065745
chr4	219000001	220000000	0.936408972
chr5	187000001	188000000	0.936509151
chr10	136000001	137000000	0.936542341
chr5	175000001	176000000	0.936803367
chr1	142000001	143000000	0.937000105
chr10	70000001	71000000	0.9370033375
chr9	123000001	124000000	0.9371054205
chr10	26000001	27000000	0.937180901
chr5	95000001	96000000	0.9374272945
chr7	35000001	36000000	0.9376658105
chr3	24000001	25000000	0.937753495
chr10	118000001	119000000	0.937993875
chr9	52000001	53000000	0.9380693685
chr2	149000001	150000000	0.9381046085
chr9	16000001	17000000	0.9381225795
chr8	23000001	24000000	0.938167966
chr8	67000001	68000000	0.938246361
chr5	151000001	152000000	0.93827757
chr8	75000001	76000000	0.9383032165
chr2	132000001	133000000	0.938594026
chr5	8000001	9000000	0.939002624
chr1	72000001	73000000	0.939517183
chr9	24000001	25000000	0.939719613
chr2	186000001	187000000	0.939789996
chr3	31000001	32000000	0.940088392
chr4	43000001	44000000	0.9405788825
chr3	218000001	219000000	0.940772342
chr9	147000001	148000000	0.9409529725
chr7	111000001	112000000	0.9413527275
chr7	1	1000000	0.941564824
chr6	117000001	118000000	0.9417225525
chr9	92000001	93000000	0.942233296
chr6	96000001	97000000	0.9422830025
chr5	199000001	200000000	0.942372263
chr5	55000001	56000000	0.9424464365
chr2	70000001	71000000	0.942514463
chr8	45000001	46000000	0.942534246
chr6	164000001	165000000	0.9427625225
chr8	73000001	74000000	0.942904207
chr6	30000001	31000000	0.9431320125
chr5	86000001	87000000	0.9433047335
chr7	114000001	115000000	0.943406855
chr1	68000001	69000000	0.9436577645
chr5	177000001	178000000	0.9439378845
chr5	204000001	205000000	0.9440761815
chr3	64000001	65000000	0.9442083865
chr3	104000001	105000000	0.9442578815
chr3	10000001	11000000	0.944294527
chr5	80000001	81000000	0.944592935
chr8	1000001	2000000	0.944596483
chr10	123000001	124000000	0.9446604685
chr2	239000001	240000000	0.944679131
chr5	173000001	174000000	0.9447738395
chr3	3000001	4000000	0.9448633435
chr1	115000001	116000000	0.9450282215
chr9	136000001	137000000	0.94509793
chr4	243000001	244000000	0.945406159
chr5	65000001	66000000	0.945947871
chr2	42000001	43000000	0.946049251
chr3	100000001	101000000	0.9461431155
chr5	19000001	20000000	0.946295825
chr10	55000001	56000000	0.9466319015
chr10	134000001	135000000	0.946651806
chr6	110000001	111000000	0.9467043995
chr6	89000001	90000000	0.946734698
chr10	22000001	23000000	0.9468090125
chr6	25000001	26000000	0.9468558065
chr10	138000001	139000000	0.946919932
chr1	106000001	107000000	0.9469317615
chr6	46000001	47000000	0.9471295965
chr10	58000001	59000000	0.947213984
chr5	144000001	145000000	0.9476608955
chr6	81000001	82000000	0.947842732
chr4	159000001	160000000	0.9479104065
chr2	167000001	168000000	0.9479804485
chr2	1	1000000	0.9480720015
chr9	9000001	10000000	0.948075487
chr7	3000001	4000000	0.948337364
chr5	68000001	69000000	0.948382942
chr2	110000001	111000000	0.948473982
chr9	96000001	97000000	0.9485881655
chr8	65000001	66000000	0.948608172
chr9	39000001	40000000	0.9486222315
chr3	133000001	134000000	0.948741548
chr5	51000001	52000000	0.9489261085
chr4	201000001	202000000	0.949300765
chr6	135000001	136000000	0.94939397
chr4	240000001	241000000	0.9500439615
chr9	109000001	110000000	0.950212945
chr9	6000001	7000000	0.950353142
chr5	184000001	185000000	0.9505331275
chr9	19000001	20000000	0.950586533
chr5	170000001	171000000	0.950874376
chr1	170000001	171000000	0.950922517
chr4	194000001	195000000	0.9511319315
chr1	126000001	127000000	0.951306771
chr3	135000001	136000000	0.9513338155
chr4	239000001	240000000	0.9514092195
chr2	226000001	227000000	0.951488584
chr7	85000001	86000000	0.9515384105
chr5	179000001	180000000	0.951726577
chr10	116000001	117000000	0.9517722815
chr10	83000001	84000000	0.951874944
chr5	2000001	3000000	0.9520889175
chr7	176000001	177000000	0.9520999385
chr6	97000001	98000000	0.9521068795
chr7	87000001	88000000	0.9523409905
chr4	137000001	138000000	0.9524350515
chr3	221000001	222000000	0.952633504
chr9	141000001	142000000	0.952804164
chr6	59000001	60000000	0.9528503415
chr9	134000001	135000000	0.9529407375
chr3	147000001	148000000	0.953295532
chr6	76000001	77000000	0.9534529825
chr4	197000001	198000000	0.9534883365
chr3	142000001	143000000	0.95352182
chr9	124000001	125000000	0.9535508595
chr10	88000001	89000000	0.9536920765
chr5	93000001	94000000	0.9537283
chr3	119000001	120000000	0.9537416715
chr6	99000001	100000000	0.953746191
chr3	223000001	224000000	0.953750368
chr3	219000001	220000000	0.953985527
chr4	141000001	142000000	0.9540413895
chr10	90000001	91000000	0.9544592125
chr3	45000001	46000000	0.9545495115
chr7	134000001	135000000	0.9545958885
chr8	28000001	29000000	0.9547327805
chr2	188000001	189000000	0.9548764765
chr4	205000001	206000000	0.9552075655
chr2	218000001	219000000	0.9552415795
chr3	102000001	103000000	0.9553456505
chr3	48000001	49000000	0.9554624
chr2	8000001	9000000	0.9555379135
chr3	16000001	17000000	0.955769596
chr7	49000001	50000000	0.955917366
chr3	107000001	108000000	0.955931493
chr6	107000001	108000000	0.956055773
chr2	163000001	164000000	0.9566262025
chr7	102000001	103000000	0.9567537475
chr5	60000001	61000000	0.9569387265
chr2	217000001	218000000	0.9571024325
chr2	66000001	67000000	0.9573845505
chr2	229000001	230000000	0.957794764
chr4	13000001	14000000	0.9578122985
chr9	132000001	133000000	0.958146264
chr4	173000001	174000000	0.9581951585
chr7	101000001	102000000	0.9583302585
chr9	145000001	146000000	0.958759545
chr2	190000001	191000000	0.9587773985
chr3	97000001	98000000	0.9588322445
chr7	31000001	32000000	0.958861603
chr7	2000001	3000000	0.9588631175
chr5	12000001	13000000	0.9588907355
chr5	142000001	143000000	0.9590308975
chr9	15000001	16000000	0.9590796165
chr8	25000001	26000000	0.9592242025
chr10	18000001	19000000	0.95937703
chr4	143000001	144000000	0.959523199
chr5	36000001	37000000	0.959639653
chr1	166000001	167000000	0.9596410185
chr9	135000001	136000000	0.959660668
chr10	66000001	67000000	0.9596717715
chr5	5000001	6000000	0.9596775625
chr8	63000001	64000000	0.959834321
chr6	105000001	106000000	0.95992894
chr8	30000001	31000000	0.960004953
chr3	17000001	18000000	0.9600227075
chr3	231000001	232000000	0.9601155215
chr5	75000001	76000000	0.9601220845
chr3	228000001	229000000	0.9603914245
chr6	74000001	75000000	0.9604363475
chr4	195000001	196000000	0.9605750405
chr3	229000001	230000000	0.9606219855
chr7	29000001	30000000	0.9608843035
chr10	135000001	136000000	0.96092095
chr7	44000001	45000000	0.9609299445
chr5	58000001	59000000	0.960954642
chr9	8000001	9000000	0.960992751
chr1	114000001	115000000	0.961006831
chr5	208000001	209000000	0.9610531045
chr1	82000001	83000000	0.9611430685
chr7	104000001	105000000	0.9612495265
chr6	125000001	126000000	0.961466092
chr5	150000001	151000000	0.961545065
chr5	17000001	18000000	0.961591959
chr4	230000001	231000000	0.9618891465
chr6	148000001	149000000	0.9619815675
chr3	8000001	9000000	0.96198601
chr4	229000001	230000000	0.9620502285
chr7	77000001	78000000	0.9622609345
chr2	140000001	141000000	0.962283463
chr6	73000001	74000000	0.9623641735
chr7	9000001	10000000	0.9623779095
chr3	148000001	149000000	0.9624136325
chr2	7000001	8000000	0.9624238135
chr1	104000001	105000000	0.962473491
chr1	160000001	161000000	0.962509443
chr3	68000001	69000000	0.962532696
chr2	69000001	70000000	0.9627388825
chr6	118000001	119000000	0.9627654775
chr7	28000001	29000000	0.9630123425
chr2	94000001	95000000	0.9631274865
chr10	122000001	123000000	0.963152448
chr9	106000001	107000000	0.9631727235
chr6	9000001	10000000	0.963317527
chr8	7000001	8000000	0.96335108
chr2	68000001	69000000	0.9634096175
chr6	8000001	9000000	0.96348998
chr9	7000001	8000000	0.9636028175
chr5	32000001	33000000	0.964004336
chr9	70000001	71000000	0.964026528
chr1	157000001	158000000	0.964299712
chr3	122000001	123000000	0.9647396785
chr9	128000001	129000000	0.9648962545
chr9	51000001	52000000	0.9650875205
chr5	158000001	159000000	0.965153075
chr8	4000001	5000000	0.965740066
chr4	233000001	234000000	0.9657728455
chr5	205000001	206000000	0.965797438
chr6	114000001	115000000	0.965918178
chr10	10000001	11000000	0.9660388755
chr6	158000001	159000000	0.96617985
chr6	32000001	33000000	0.9663919975
chr9	29000001	30000000	0.966469978
chr4	244000001	245000000	0.966621543
chr6	92000001	93000000	0.9669302295
chr5	209000001	210000000	0.967091388
chr5	186000001	187000000	0.9671390635
chr7	19000001	20000000	0.967495154
chr2	243000001	244000000	0.967591184
chr1	69000001	70000000	0.9676162885
chr5	198000001	199000000	0.967856969
chr5	100000001	101000000	0.9678693785
chr2	5000001	6000000	0.9679229215
chr5	56000001	57000000	0.968006632
chr4	42000001	43000000	0.968006695
chr4	181000001	182000000	0.968146481
chr5	53000001	54000000	0.968437877
chr8	16000001	17000000	0.968505566
chr9	152000001	153000000	0.9685341665
chr7	95000001	96000000	0.9686607255
chr6	115000001	116000000	0.96925147
chr2	102000001	103000000	0.969281636
chr3	214000001	215000000	0.969331089
chr2	54000001	55000000	0.9693609625
chr7	5000001	6000000	0.9694426835
chr2	187000001	188000000	0.969507075
chr5	7000001	8000000	0.969699287
chr8	32000001	33000000	0.9697001275
chr4	163000001	164000000	0.9697452485
chr6	112000001	113000000	0.9705593215
chr1	109000001	110000000	0.9707387655
chr7	34000001	35000000	0.970739891
chr10	139000001	140000000	0.9710022535
chr6	146000001	147000000	0.9714894635
chr7	125000001	126000000	0.971909562
chr5	201000001	202000000	0.9719665465
chr8	62000001	63000000	0.9720781015
chr2	129000001	130000000	0.97212383
chr4	191000001	192000000	0.9721564635
chr2	210000001	211000000	0.9721707575
chr6	165000001	166000000	0.972274494
chr1	149000001	150000000	0.972375641
chr3	224000001	225000000	0.9724432845
chr2	117000001	118000000	0.9726118845
chr5	69000001	70000000	0.9727522995
chr8	64000001	65000000	0.9730319855
chr9	121000001	122000000	0.973102352
chr4	139000001	140000000	0.973224108
chr3	4000001	5000000	0.9733569955
chr9	44000001	45000000	0.973490188
chr8	39000001	40000000	0.9736135245
chr7	113000001	114000000	0.973639952
chr5	43000001	44000000	0.9736516845
chr2	134000001	135000000	0.973852325
chr7	30000001	31000000	0.974209424
chr3	42000001	43000000	0.9744238835
chr3	129000001	130000000	0.9744715915
chr2	9000001	10000000	0.975220964
chr9	105000001	106000000	0.975453288
chr3	2000001	3000000	0.9755943005
chr2	231000001	232000000	0.9755959485
chr6	141000001	142000000	0.9755990505
chr9	37000001	38000000	0.976013192
chr4	95000001	96000000	0.9760662155
chr10	125000001	126000000	0.9761419875
chr7	127000001	128000000	0.97620103
chr5	27000001	28000000	0.9765116885
chr8	20000001	21000000	0.976517288
chr6	31000001	32000000	0.9766584585
chr10	128000001	129000000	0.9767106635
chr1	120000001	121000000	0.9769261735
chr5	189000001	190000000	0.977102858
chr9	10000001	11000000	0.977244398
chr2	81000001	82000000	0.977595612
chr10	100000001	101000000	0.977802445
chr9	125000001	126000000	0.9780534555
chr3	14000001	15000000	0.9780653965
chr7	48000001	49000000	0.978169957
chr2	165000001	166000000	0.978590062
chr8	5000001	6000000	0.978771415
chr3	140000001	141000000	0.978882872
chr6	131000001	132000000	0.9788889015
chr10	31000001	32000000	0.9788962255
chr1	123000001	124000000	0.9789232735
chr4	200000001	201000000	0.9789956055
chr5	207000001	208000000	0.9789976425
chr4	146000001	147000000	0.979043881
chr2	189000001	190000000	0.9791605635
chr2	97000001	98000000	0.9793879825
chr6	138000001	139000000	0.9794838895
chr9	131000001	132000000	0.979490789
chr5	220000001	221000000	0.979564123
chr4	134000001	135000000	0.979566504
chr2	209000001	210000000	0.97973549
chr9	84000001	85000000	0.9800662825
chr10	89000001	90000000	0.980127191
chr9	104000001	105000000	0.980166986
chr1	124000001	125000000	0.980255764
chr7	136000001	137000000	0.980826085
chr9	154000001	155000000	0.980934072
chr8	3000001	4000000	0.981207779
chr9	30000001	31000000	0.981216008
chr2	85000001	86000000	0.9814358045
chr4	245000001	246000000	0.981447478
chr1	89000001	90000000	0.981715161
chr2	131000001	132000000	0.981723727
chr8	76000001	77000000	0.9818918255
chr7	129000001	130000000	0.9820175305
chr4	238000001	239000000	0.9825644325
chr2	118000001	119000000	0.982591822
chr6	29000001	30000000	0.9826014415
chr7	133000001	134000000	0.9826310715
chr5	6000001	7000000	0.9830182355
chr5	196000001	197000000	0.9831733765
chr9	66000001	67000000	0.9838156865
chr4	150000001	151000000	0.9839262315
chr2	225000001	226000000	0.983982408
chr2	235000001	236000000	0.9839962445
chr9	119000001	120000000	0.9843456835
chr8	46000001	47000000	0.984456698
chr4	8000001	9000000	0.9845575105
chr7	100000001	101000000	0.984612526
chr2	55000001	56000000	0.984845101
chr4	71000001	72000000	0.984935252
chr1	74000001	75000000	0.985133524
chr4	234000001	235000000	0.985141851
chr4	235000001	236000000	0.9854524705
chr6	152000001	153000000	0.986566816
chr5	28000001	29000000	0.986710965
chr10	94000001	95000000	0.986719693
chr2	4000001	5000000	0.986752704
chr8	14000001	15000000	0.986855267
chr2	191000001	192000000	0.987044176
chr9	12000001	13000000	0.987357599
chr4	82000001	83000000	0.987435376
chr8	8000001	9000000	0.987646247
chr8	38000001	39000000	0.987662377
chr4	242000001	243000000	0.9878463445
chr1	176000001	177000000	0.988023113
chr4	1	1000000	0.9882057195
chr4	185000001	186000000	0.988557382
chr7	121000001	122000000	0.988572256
chr10	7000001	8000000	0.988725503
chr2	162000001	163000000	0.989005556
chr3	233000001	234000000	0.989098378
chr5	57000001	58000000	0.989346663
chr2	200000001	201000000	0.989552827
chr6	70000001	71000000	0.989659352
chr5	203000001	204000000	0.9897152645
chr5	3000001	4000000	0.989830858
chr9	137000001	138000000	0.9898559755
chr7	15000001	16000000	0.990119808
chr9	99000001	100000000	0.9904900565
chr4	210000001	211000000	0.9905292655
chr3	234000001	235000000	0.990813727
chr2	2000001	3000000	0.9909363585
chr3	110000001	111000000	0.990938078
chr2	6000001	7000000	0.991008607
chr4	132000001	133000000	0.9911882445
chr4	175000001	176000000	0.9912289625
chr8	66000001	67000000	0.991279125
chr10	35000001	36000000	0.9913394145
chr7	178000001	179000000	0.991804327
chr9	111000001	112000000	0.9918968115
chr5	11000001	12000000	0.991931879
chr3	227000001	228000000	0.9921236865
chr9	81000001	82000000	0.992166676
chr3	217000001	218000000	0.9921854845
chr4	67000001	68000000	0.9921943095
chr3	141000001	142000000	0.9921969215
chr9	77000001	78000000	0.992197678
chr3	139000001	140000000	0.992274957
chr6	126000001	127000000	0.99236877
chr8	42000001	43000000	0.9923802005
chr2	1000001	2000000	0.992384656
chr4	129000001	130000000	0.9923878685
chr6	159000001	160000000	0.9923948795
chr4	213000001	214000000	0.992395347
chr1	145000001	146000000	0.9924089685
chr4	167000001	168000000	0.9924185695
chr4	190000001	191000000	0.992536389
chr4	56000001	57000000	0.9925695085
chr5	10000001	11000000	0.99258109
chr9	149000001	150000000	0.992887348
chr5	70000001	71000000	0.992967235
chr4	224000001	225000000	0.9931850395
chr8	44000001	45000000	0.993370261
chr9	79000001	80000000	0.9939300515
chr10	76000001	77000000	0.993990846
chr4	64000001	65000000	0.9940477045
chr5	54000001	55000000	0.994353922
chr3	211000001	212000000	0.9943935865
chr4	11000001	12000000	0.9944574415
chr5	155000001	156000000	0.994701449
chr3	222000001	223000000	0.994731746
chr2	49000001	50000000	0.994972355
chr1	90000001	91000000	0.9951277225
chr4	80000001	81000000	0.9952463025
chr7	144000001	145000000	0.9952730555
chr9	90000001	91000000	0.9953474505
chr4	162000001	163000000	0.99569522
chr4	12000001	13000000	0.995877589
chr4	158000001	159000000	0.996127402
chr4	72000001	73000000	0.996478892
chr7	175000001	176000000	0.996606255
chr1	99000001	100000000	0.9969291995
chr7	89000001	90000000	0.996947616
chr10	87000001	88000000	0.997001573
chr4	73000001	74000000	0.9970453555
chr5	193000001	194000000	0.997229316
chr10	62000001	63000000	0.997557904
chr10	133000001	134000000	0.997567744
chr7	179000001	180000000	0.997674546
chr7	181000001	182000000	0.9977491975
chr2	204000001	205000000	0.997935841
chr9	139000001	140000000	0.9979526815
chr5	18000001	19000000	0.998111858
chr9	144000001	145000000	0.998125868
chr4	62000001	63000000	0.998160232
chr3	207000001	208000000	0.9983786325
chr5	188000001	189000000	0.998685612
chr8	108000001	109000000	0.998707552
chr1	87000001	88000000	0.9987251335
chr4	164000001	165000000	0.998774801
chr4	94000001	95000000	0.998910666
chr6	156000001	157000000	0.9989784635
chr2	185000001	186000000	0.9989848255
chr6	42000001	43000000	0.998986666
chr4	214000001	215000000	0.9991776155
chr5	97000001	98000000	0.999357756
chr1	174000001	175000000	0.999363457
chr5	191000001	192000000	0.9995164185
chr6	143000001	144000000	0.9996834675
chr6	124000001	125000000	0.9998439275
chr3	112000001	113000000	0.9999353095

