chr_name	start	end	number_of_supporting_reads	allele_frequency
chr7	127228744	127233337	12	0.75
chr7	69982794	69988037	21	0.75
chr9	14787160	14793098	21	0.75
chr9	34745953	34753245	15	0.75
chr9	118783482	118790845	18	0.75
chr7	28674763	28682677	18	0.75
chr10	37369894	37377986	21	0.75
chr9	152176610	152185551	12	0.75
chr7	34707533	34716476	24	0.75
chr9	88075452	88084400	12	0.75
chr9	45672562	45681530	18	0.75
chr9	132719971	132728951	12	0.75
chr7	31149644	31158805	18	0.75
chr10	40621238	40630623	21	0.75
chr10	31526645	31536206	12	0.75
chr9	119999527	120009129	15	0.75
chr5	197034431	197044218	12	0.75
chr10	49174704	49184748	12	0.75
chr7	126500345	126510633	12	0.75
chr7	18536517	18548282	12	0.75
chr10	129520573	129532565	12	0.75
chr9	22424974	22438539	15	0.75
chr9	28301324	28314970	12	0.75
chr10	68409208	68422963	12	0.75
chr7	93670951	93686557	21	0.75
chr7	32866417	32882944	12	0.75
chr9	19199788	19216385	15	0.75
chr10	82929605	82948028	15	0.75
chr10	98154513	98173088	12	0.75
chr7	117708989	117728911	15	0.75
chr9	119503365	119525684	15	0.75
chr8	19025047	19060577	15	0.75
chr7	104639337	104679737	15	0.75
chr7	40707824	40761637	15	0.75
chr8	85882528	85951229	15	0.75
chr7	34693614	34701109	25	0.757576
chr10	36535640	36547157	25	0.757576
chr7	125137986	125151326	25	0.757576
chr9	7073799	7079864	22	0.758621
chr7	124914047	124923205	22	0.758621
chr9	14550727	65713179	22	0.758621
chr7	105871325	105888216	19	0.76
chr5	190790221	190807431	19	0.76
chr9	46653263	46658507	16	0.761905
chr10	124149140	124155813	16	0.761905
chr9	95162037	95169739	16	0.761905
chr9	78819348	78827452	16	0.761905
chr9	45633264	45642288	16	0.761905
chr9	92302631	92313297	16	0.761905
chr7	43680857	43695640	16	0.761905
chr1	302983696	303000228	16	0.761905
chr5	7625745	7693182	16	0.761905
chr10	87438639	87445123	29	0.763158
chr1	346041	100220330	68	0.764045
chr7	128164580	128168852	13	0.764706
chr9	111770389	111776112	13	0.764706
chr7	24801897	24810181	13	0.764706
chr9	139680423	139688730	13	0.764706
chr9	8430903	8440005	13	0.764706
chr7	108779238	108789523	13	0.764706
chr10	79262344	79273391	13	0.764706
chr9	112890771	112904264	13	0.764706
chr7	81270734	81284442	13	0.764706
chr8	152313933	152328303	13	0.764706
chr9	113744482	113771394	26	0.764706
chr9	140184067	140219276	13	0.764706
chr9	98280950	98453821	13	0.764706
chr10	112009555	112014053	23	0.766667
chr9	111312284	111320203	23	0.766667
chr1	302553536	302562482	23	0.766667
chr7	109472481	109506546	23	0.766667
chr2	157584258	157604796	43	0.767857
chr9	4626632	4630697	10	0.769231
chr10	68594875	68599027	10	0.769231
chr9	86033280	86038978	10	0.769231
chr8	2142558	2149322	10	0.769231
chr7	57107491	57114725	10	0.769231
chr5	105627225	105634628	10	0.769231
chr9	76915729	76924520	20	0.769231
chr5	183015735	183024854	20	0.769231
chr10	53513603	53524050	10	0.769231
chr10	90574471	90588191	10	0.769231
chr9	10199005	10213848	10	0.769231
chr9	91926625	91945616	10	0.769231
chr10	76812862	76834931	10	0.769231
chr8	142295320	142319394	10	0.769231
chr10	50272991	50298509	20	0.769231
chr9	91212698	91239567	10	0.769231
chr9	95299386	95327651	10	0.769231
chr9	113981090	114011721	10	0.769231
chr7	129315067	129345858	20	0.769231
chr9	94291104	94325758	10	0.769231
chr9	4771613	4807373	10	0.769231
chr5	8628950	8680593	10	0.769231
chr10	65904170	65968963	10	0.769231
chr10	132013223	132084183	20	0.769231
chr10	49135758	49276345	10	0.769231
chr7	117065583	117829626	10	0.769231
chr10	78555650	78560549	17	0.772727
chr9	15111078	15116526	17	0.772727
chr7	137461672	137468002	17	0.772727
chr10	39305042	39315722	17	0.772727
chr10	68453616	68468880	17	0.772727
chr9	29912251	29930526	17	0.772727
chr9	86824024	86842813	17	0.772727
chr10	130626521	130664703	17	0.772727
chr7	28447022	28489877	17	0.772727
chr10	4421554	4466773	17	0.772727
chr7	102777267	102831012	17	0.772727
chr5	145445214	145465708	59	0.776316
chr3	222415033	222419987	21	0.777778
chr10	46085861	46091328	21	0.777778
chr9	124171032	124177351	14	0.777778
chr3	231368941	231375386	14	0.777778
chr9	142112829	142119918	14	0.777778
chr7	78328385	78335755	14	0.777778
chr9	29136788	29144159	14	0.777778
chr9	120578051	120587537	14	0.777778
chr9	97347942	97358475	14	0.777778
chr10	37861817	37873279	21	0.777778
chr5	191671364	191682977	14	0.777778
chr9	32428733	32440608	14	0.777778
chr9	139759420	139772298	14	0.777778
chr9	144168247	144182219	14	0.777778
chr10	66758084	66772905	14	0.777778
chr7	50970035	50985527	14	0.777778
chr7	52874383	52926757	14	0.777778
chr7	68687195	68691890	18	0.782609
chr3	234117454	234124631	18	0.782609
chr9	98911938	98929996	18	0.782609
chr10	97441565	97462317	18	0.782609
chr3	213351434	213409819	18	0.782609
chr9	54226641	54230846	11	0.785714
chr3	223571109	223575482	11	0.785714
chr7	68688316	68693013	11	0.785714
chr9	106455859	106460598	11	0.785714
chr9	27007602	27012729	11	0.785714
chr7	121362814	121369306	11	0.785714
chr3	223563626	223570456	11	0.785714
chr5	189519218	189526073	22	0.785714
chr9	34111474	34118588	11	0.785714
chr9	56966436	56973681	11	0.785714
chr1	301770310	301777686	11	0.785714
chr10	41910472	41917855	11	0.785714
chr7	78189118	78196628	22	0.785714
chr9	74275668	74283438	11	0.785714
chr7	122119007	122128371	11	0.785714
chr7	95135445	95145170	11	0.785714
chr7	140015725	140025795	11	0.785714
chr7	78087101	78098740	11	0.785714
chr9	39024070	39037795	11	0.785714
chr10	58127424	58142312	11	0.785714
chr9	12057409	12073627	11	0.785714
chr7	140138294	140154656	11	0.785714
chr10	91367862	91385229	11	0.785714
chr8	78877075	78895325	11	0.785714
chr3	209310869	209329225	11	0.785714
chr7	135115670	135136587	11	0.785714
chr9	80667909	80700971	11	0.785714
chr9	98204897	98245966	11	0.785714
chr7	128052615	128105485	11	0.785714
chr7	118723371	118783655	11	0.785714
chr7	129529483	129533869	15	0.789474
chr5	7701696	7706691	15	0.789474
chr7	92276228	92281707	15	0.789474
chr5	2833036	2839783	15	0.789474
chr10	123913971	123922878	15	0.789474
chr7	137771641	137780581	15	0.789474
chr7	54362921	54372276	15	0.789474
chr9	118942800	118952295	15	0.789474
chr10	79250413	79261819	15	0.789474
chr9	97438426	97451924	15	0.789474
chr10	39512485	39534234	15	0.789474
chr3	216413155	216436949	15	0.789474
chr9	18006446	18085236	15	0.789474
chr7	125153037	125159588	19	0.791667
B73V4_ctg150	529920	537433	19	0.791667
chr7	33185983	33195438	19	0.791667
chr7	93410009	93423677	19	0.791667
chr9	144491397	144508023	19	0.791667
chr9	120100174	120104967	23	0.793103
chr9	16410698	16416531	23	0.793103
chr10	37607862	37616936	23	0.793103
chr10	121726432	121755642	27	0.794118
chr9	93340043	93344999	16	0.8
chr5	1172697	1177900	16	0.8
chr10	128380268	128386165	24	0.8
chr9	23157068	23163185	16	0.8
chr7	62880102	62886366	20	0.8
chr10	122317652	122324587	20	0.8
chr10	122552050	122559025	16	0.8
chr8	45660403	45668043	16	0.8
chr9	49505852	49513568	12	0.8
chr10	91878038	91885858	12	0.8
chr7	65531482	65539924	16	0.8
chr9	121083628	121092203	20	0.8
chr10	56415493	56424407	16	0.8
chr9	79879082	79888012	16	0.8
chr5	8441369	8450315	12	0.8
chr9	7083649	7092987	16	0.8
chr10	129556124	129565572	20	0.8
chr5	3121263	3130856	12	0.8
chr9	64466299	64476293	16	0.8
chr7	113107750	113117964	12	0.8
chr7	50861946	50873251	20	0.8
chr9	33727627	33739219	20	0.8
chr5	1915663	1927474	16	0.8
chr9	133297916	133311263	16	0.8
chr9	51205839	51219618	12	0.8
chr7	16535344	16551159	12	0.8
chr7	118700224	118716208	20	0.8
chr7	78049569	78065856	16	0.8
chr7	134354934	134372537	12	0.8
chr7	61938728	61956484	16	0.8
chr7	53006686	53025480	12	0.8
chr10	116685324	116713886	12	0.8
chr9	8050099	8079700	16	0.8
chr8	107196081	107231925	12	0.8
chr7	21099606	21136250	20	0.8
chr3	230742652	230785056	12	0.8
chr9	76001194	76063909	12	0.8
chr8	68624578	68765995	12	0.8
chr10	121084389	133614272	12	0.8
chr2	237128942	237140737	49	0.803279
chr7	56690735	56698130	25	0.806452
chr9	94034009	94087694	25	0.806452
chr7	21080767	21086032	21	0.807692
chr10	130678516	130684973	21	0.807692
chr7	100706269	100717147	21	0.807692
chr9	112598041	112604688	17	0.809524
chr7	92298088	92305850	17	0.809524
chr7	82185284	82193459	17	0.809524
chr7	47069242	47078234	17	0.809524
chr9	49579064	49588845	17	0.809524
chr9	84169138	84180490	17	0.809524
chr10	111987022	112006034	17	0.809524
chr7	108834326	108855998	17	0.809524
chr9	149919943	149951424	17	0.809524
chr10	51402582	51407159	13	0.8125
chr9	88001199	88006456	13	0.8125
chr7	142294076	142299921	13	0.8125
chr7	57080092	57086578	13	0.8125
chr7	61886477	61893496	13	0.8125
chr7	68920153	68927227	13	0.8125
chr10	114043794	114051051	13	0.8125
chr9	51667967	51675340	13	0.8125
chr7	51029236	51036697	13	0.8125
chr10	131459309	131467644	13	0.8125
chr9	124159101	124168325	13	0.8125
chr9	81333239	81342714	13	0.8125
chr9	110033376	110043106	13	0.8125
chr7	94434737	94444642	13	0.8125
chr9	124787444	124797475	13	0.8125
chr7	62812961	62824575	13	0.8125
chr5	178041803	178066274	13	0.8125
chr9	128022473	128048433	13	0.8125
chr7	96477072	96508476	13	0.8125
chr9	28872954	28909534	13	0.8125
chr9	130711519	130750331	13	0.8125
chr9	85468106	85508666	13	0.8125
chr9	99344795	99407248	13	0.8125
chr8	12959667	13145945	13	0.8125
chr9	17451149	17459630	22	0.814815
chr10	99222509	99232034	22	0.814815
chr9	121176627	121209063	22	0.814815
chr8	140020747	140025608	18	0.818182
chr10	33677724	33684449	18	0.818182
chr9	119824298	119831055	18	0.818182
chr9	150159070	150165985	18	0.818182
chr10	47435140	47443333	18	0.818182
chr5	8354769	8363128	18	0.818182
chr3	229114392	229123441	18	0.818182
chr9	6211421	6220798	18	0.818182
chr9	85947785	85957230	18	0.818182
chr10	54971191	54981043	18	0.818182
chr9	74615755	74626070	18	0.818182
chr7	19465430	19479354	18	0.818182
chr7	62227802	62242744	18	0.818182
chr10	50346248	50364096	18	0.818182
chr5	194885111	194914409	18	0.818182
chr7	45767384	45771444	32	0.820513
chr9	141794481	141811615	32	0.820513
chr10	40121025	40128094	23	0.821429
chr7	44869493	44879038	23	0.821429
chr10	113186232	113203638	23	0.821429
chr5	679575	684398	14	0.823529
chr3	230463535	230470146	14	0.823529
chr7	83944911	83952289	14	0.823529
chr10	42904819	42912217	14	0.823529
chr7	55881969	55889524	14	0.823529
chr7	53362384	53370178	14	0.823529
chr9	17192749	17202019	14	0.823529
chr7	92420526	92431818	14	0.823529
chr9	92619042	92631436	14	0.823529
chr1	303227191	303240082	14	0.823529
chr7	135608820	135624994	14	0.823529
chr7	130746868	130763598	14	0.823529
chr10	58426174	58444705	14	0.823529
chr10	44031552	44051275	14	0.823529
chr9	100466738	100488184	14	0.823529
chr9	143840067	143862609	14	0.823529
chr7	41011071	41043666	14	0.823529
chr10	99144853	99215791	14	0.823529
chr8	74432004	153156534	14	0.823529
chr9	86063112	86070504	19	0.826087
chr10	115013873	115021334	19	0.826087
chr5	2449525	2457354	19	0.826087
chr10	35449487	35458609	19	0.826087
chr10	46015025	46024524	19	0.826087
chr9	93216717	93245220	19	0.826087
chr7	116420328	116449802	19	0.826087
chr9	52571057	52578411	24	0.827586
chr10	44184257	44198656	24	0.827586
chr7	55378395	55394590	24	0.827586
chr9	70141475	70145556	10	0.833333
chr7	126698610	126702996	15	0.833333
chr5	8188204	8192814	10	0.833333
chr10	49066739	49072023	20	0.833333
chr3	227731214	227736880	10	0.833333
chr5	172493011	172498860	10	0.833333
chr3	228704225	228710086	10	0.833333
chr10	93388487	93394545	25	0.833333
chr9	23202904	23209041	10	0.833333
chr1	302970574	302976771	10	0.833333
chr7	109741788	109748598	15	0.833333
chr5	152694007	152701027	25	0.833333
chr7	61524437	61531727	10	0.833333
chr7	110186643	110193950	10	0.833333
chr8	140809698	140817098	10	0.833333
chr9	150383503	150390943	10	0.833333
chr9	88875758	88883232	10	0.833333
chr3	230440410	230448580	10	0.833333
chr9	124604798	124613170	15	0.833333
chr7	18674094	18682882	10	0.833333
chr7	27256222	27265207	10	0.833333
chr9	49522290	49531326	20	0.833333
chr7	144553893	144563006	10	0.833333
chr3	231479176	231488345	10	0.833333
chr9	89508178	89517548	10	0.833333
chr8	154622216	154631656	10	0.833333
chr7	55944842	55954347	15	0.833333
chr10	111498825	111508900	15	0.833333
chr10	37912143	37922399	10	0.833333
chr7	123328652	123339757	10	0.833333
chr9	113242817	113254280	10	0.833333
chr5	76481633	76493395	10	0.833333
chr10	64276535	64288310	10	0.833333
chr7	145516994	145528856	10	0.833333
chr7	19370929	19383892	10	0.833333
chr9	47666319	47680026	10	0.833333
chr7	145864592	145878659	10	0.833333
chr9	11939358	11953537	20	0.833333
chr9	129625232	129639819	15	0.833333
chr10	94785833	94800462	15	0.833333
chr7	105778187	105793146	10	0.833333
chr10	93452330	93468418	15	0.833333
chr10	86684278	86700809	15	0.833333
chr9	141175695	141193655	15	0.833333
chr7	122092071	122110718	15	0.833333
chr10	36659544	36678414	15	0.833333
chr7	70481437	70501504	10	0.833333
chr7	49270370	49291666	15	0.833333
chr9	136154980	136176546	10	0.833333
chr9	48546965	48569298	15	0.833333
chr9	81084900	81107958	10	0.833333
chr8	3600189	3624549	10	0.833333
chr10	90491035	90519393	25	0.833333
chr7	110202662	110233675	10	0.833333
chr8	146364779	146398187	10	0.833333
chr8	140901055	140936296	10	0.833333
chr9	98121889	98161997	10	0.833333
chr5	3686345	3732424	35	0.833333
chr10	10427450	10473696	10	0.833333
chr9	139693363	139747419	10	0.833333
chr9	98056947	98116304	10	0.833333
chr9	143904726	143965980	10	0.833333
chr9	61935359	61944908	111	0.834586
chr9	62297019	62460288	31	0.837838
chr9	79452050	79458834	21	0.84
chr9	11957793	11964875	21	0.84
chr9	58629593	58637169	21	0.84
chr7	50842090	50851499	21	0.84
chr7	45914264	45926582	21	0.84
chr9	17204257	17209254	16	0.842105
chr9	112846006	112852932	16	0.842105
chr7	77972657	77979873	16	0.842105
chr9	82802120	82809362	16	0.842105
chr7	36354530	36361938	16	0.842105
chr7	89037519	89045074	16	0.842105
chr7	108999531	109008167	16	0.842105
chr7	119520279	119529192	16	0.842105
chr10	42008089	42017409	16	0.842105
chr8	144794704	144804192	16	0.842105
chr7	121697051	121710053	16	0.842105
chr10	73802396	73816116	16	0.842105
chr9	74519968	74534186	16	0.842105
chr5	189482890	189497898	32	0.842105
chr10	54917552	54935927	16	0.842105
chr10	106521286	106545339	16	0.842105
chr7	102139588	102165303	16	0.842105
chr10	130210744	130253924	16	0.842105
chr8	70207398	70215906	159	0.845745
chr8	146680667	146686014	11	0.846154
chr7	19773667	19779437	11	0.846154
chr7	74255344	74261829	11	0.846154
chr7	45731978	45739441	11	0.846154
chr7	78000259	78008214	11	0.846154
chr9	101356995	101366003	22	0.846154
chr9	87541505	87550853	11	0.846154
chr7	18411948	18422479	11	0.846154
chr9	48277237	48288930	22	0.846154
chr8	144719470	144731186	11	0.846154
chr7	30249299	30262529	11	0.846154
chr5	9465494	9479336	11	0.846154
chr9	120417656	120431566	11	0.846154
chr10	43227888	43241959	11	0.846154
chr7	113316659	113330758	11	0.846154
chr9	65316410	65330646	11	0.846154
chr10	85630139	85646345	11	0.846154
chr7	41529485	41546041	11	0.846154
chr9	85656645	85675492	11	0.846154
chr10	62941855	62962021	11	0.846154
chr9	146325759	146348565	11	0.846154
chr10	84674491	84700164	11	0.846154
chr7	136866087	136894924	11	0.846154
chr10	87231163	87260093	11	0.846154
chr10	46979878	47009091	11	0.846154
chr10	122516730	122546175	11	0.846154
chr9	16942595	16976578	11	0.846154
chr9	38927132	38970692	11	0.846154
chr9	72944758	72999264	11	0.846154
chr10	131935740	131991913	11	0.846154
chr7	134666688	134723335	11	0.846154
chr9	96811871	96870685	11	0.846154
chr10	96771778	96777770	17	0.85
chr10	51410102	51417672	17	0.85
chr7	97588280	97596402	17	0.85
chr7	16056032	16065420	17	0.85
chr7	48879132	48888634	17	0.85
chr7	57354938	57364511	17	0.85
chr7	56192164	56202769	17	0.85
chr9	79925734	79937392	17	0.85
chr9	84330818	84343511	17	0.85
chr9	52701929	52716353	17	0.85
chr7	93463514	93483105	17	0.85
chr7	129672418	129693373	17	0.85
chr9	142258890	142283181	17	0.85
chr9	90465508	90489972	17	0.85
chr10	38008810	38034082	17	0.85
chr10	131600960	131634383	17	0.85
chr10	35860890	35927365	17	0.85
chr10	98252872	122249622	17	0.85
chr10	79869461	79876292	23	0.851852
chr9	143990676	143999624	23	0.851852
chr10	113349516	113360855	23	0.851852
chr7	105211499	105225284	23	0.851852
chr9	94846578	94882570	23	0.851852
chr7	81373774	81377801	12	0.857143
chr7	78228339	78232483	12	0.857143
chr9	104288773	104293056	12	0.857143
chr7	49105904	49110725	12	0.857143
chr3	127977502	127982359	12	0.857143
chr7	118540314	118545777	12	0.857143
chr10	123072365	123078229	18	0.857143
chr7	68114755	68120776	18	0.857143
chr9	83759235	83765288	12	0.857143
chr9	104524025	104531456	12	0.857143
chr7	128591733	128599229	12	0.857143
chr7	50099856	50108795	24	0.857143
chr9	133536981	133545973	12	0.857143
chr9	52144897	52153988	18	0.857143
chr10	93411269	93420883	12	0.857143
chr7	51633916	51644643	12	0.857143
chr10	46467224	46478015	12	0.857143
chr9	83303091	83314353	12	0.857143
chr10	43549934	43561537	12	0.857143
chr9	103472009	103483728	12	0.857143
chr10	120001328	120013900	18	0.857143
chr7	50297089	50310544	18	0.857143
chr9	35201208	35214684	18	0.857143
chr7	43004001	43017516	12	0.857143
chr9	106889413	106902948	12	0.857143
chr7	111848284	111861906	12	0.857143
chr7	123344001	123357837	18	0.857143
chr7	33295143	33309316	12	0.857143
chr10	90387287	90403739	18	0.857143
chr8	78878482	78896893	12	0.857143
chr7	55838709	55860655	12	0.857143
chr9	30310590	30332977	12	0.857143
chr9	140936815	140960544	12	0.857143
chr10	72050550	72075296	12	0.857143
chr10	46025173	46051597	18	0.857143
chr7	107903626	107934677	18	0.857143
chr7	105686895	105732756	12	0.857143
chr7	110892038	110938010	12	0.857143
chr10	90001284	90115963	12	0.857143
chr10	4842735	5091113	30	0.857143
chr7	98375861	98387987	25	0.862069
chr7	101662602	101681956	25	0.862069
chr10	64346640	64354121	19	0.863636
chr9	144933943	144942942	19	0.863636
chr7	53987955	53997175	19	0.863636
chr7	51714489	51723913	19	0.863636
chr9	29882162	29892618	19	0.863636
chr10	36461948	36474570	19	0.863636
chr9	113260103	113274925	19	0.863636
chr9	146619720	146639266	19	0.863636
chr9	77344482	77369070	19	0.863636
chr9	102460955	102495442	19	0.863636
chr3	224299032	224346275	19	0.863636
chr9	146376810	146430769	19	0.863636
chr7	21353078	21360425	32	0.864865
chr9	142478142	142482986	13	0.866667
chr5	183027272	183034288	13	0.866667
chr7	56051686	56059177	13	0.866667
chr9	56521010	56528578	13	0.866667
chr7	105323711	105331592	13	0.866667
chr7	67724208	67732570	26	0.866667
chr9	86714025	86722958	13	0.866667
chr3	232835795	232844794	13	0.866667
chr7	112697291	112706510	13	0.866667
chr3	215855321	215864607	13	0.866667
chr9	86989762	86999183	13	0.866667
chr10	51938575	51948023	13	0.866667
chr9	124741264	124750928	13	0.866667
chr9	89478750	89488965	13	0.866667
chr8	144704893	144715801	13	0.866667
chr10	36102321	36113366	26	0.866667
chr10	47955167	47966714	13	0.866667
chr8	4692851	4705478	13	0.866667
chr10	119068254	119081411	13	0.866667
chr10	67869415	67883077	13	0.866667
chr7	46494760	46509800	13	0.866667
chr5	9159444	9182496	13	0.866667
chr9	151550608	151575342	13	0.866667
chr10	70155668	70180957	13	0.866667
chr10	118113129	118144497	26	0.866667
chr5	2897012	2929606	13	0.866667
chr9	120469953	120503906	13	0.866667
chr7	94971547	95012924	13	0.866667
chr8	275950	324093	13	0.866667
chr3	228475309	228529469	13	0.866667
chr10	24558352	67232887	13	0.866667
chr10	61969180	61973215	20	0.869565
chr10	95189574	95194930	20	0.869565
chr7	58060245	58065814	20	0.869565
chr9	137581730	137589088	20	0.869565
chr9	140926155	140935064	20	0.869565
chr7	42666829	42675763	20	0.869565
chr9	131219052	131228049	20	0.869565
chr10	125266168	125275674	20	0.869565
chr9	28914363	28928458	20	0.869565
chr10	54553520	54581018	20	0.869565
chr9	25612097	25645337	20	0.869565
chr10	74055051	74093229	20	0.869565
chr7	21378478	21419961	20	0.869565
chr9	95656963	95726635	20	0.869565
chr10	39771269	39775977	14	0.875
chr10	56674881	56679645	14	0.875
chr7	73817187	73822841	21	0.875
chr8	4842165	4847940	21	0.875
chr9	137789810	137795870	14	0.875
chr7	42598157	42604243	14	0.875
chr7	15988410	15994805	14	0.875
chr9	73675716	73682904	14	0.875
chr5	620417	627774	21	0.875
chr3	233629742	233637104	14	0.875
chr7	33207809	33215177	14	0.875
chr9	18570215	18577585	14	0.875
chr5	8469592	8477523	14	0.875
chr10	120945402	120954363	14	0.875
chr7	107377968	107386952	14	0.875
chr10	130044827	130053841	14	0.875
chr10	78403852	78413059	14	0.875
chr9	134239370	134248766	21	0.875
chr9	125274799	125284333	14	0.875
chr7	81511137	81521336	14	0.875
chr7	55088952	55100352	14	0.875
chr9	66390891	66404385	14	0.875
chr9	86461905	86475938	14	0.875
chr3	224279490	224295641	14	0.875
chr7	66800769	66817583	14	0.875
chr10	69682075	69700009	14	0.875
chr9	126701804	126722397	14	0.875
chr9	135457319	135478443	21	0.875
chr7	85485788	85507954	14	0.875
chr10	66215243	66239010	14	0.875
chr8	9113784	9143612	14	0.875
chr10	93469887	93510455	14	0.875
chr7	122020023	122086122	14	0.875
B73V4_ctg150	1177853	1258949	14	0.875
chr7	123998514	124085072	14	0.875
chr5	152551477	152556253	29	0.878788
chr3	228908839	228914037	29	0.878788
chr9	147325312	147330322	22	0.88
chr7	78339135	78344182	22	0.88
chr3	227361746	227368646	22	0.88
chr7	133390827	133397809	22	0.88
chr10	61932255	61941181	22	0.88
chr7	32894210	32903515	22	0.88
chr10	62517070	62526515	22	0.88
chr7	51590642	51602217	22	0.88
chr5	9658850	9670767	22	0.88
chr7	93035072	93058538	22	0.88
chr7	34666780	34692719	22	0.88
chr10	84173132	84177906	15	0.882353
chr7	92078673	92084480	15	0.882353
chr7	113125682	113132991	15	0.882353
chr9	72808975	72816343	15	0.882353
chr10	55069334	55076801	15	0.882353
chr7	41326294	41333844	15	0.882353
chr10	113904568	113912414	15	0.882353
chr10	96940213	96948381	15	0.882353
chr9	29766056	29775005	15	0.882353
chr7	75662900	75672500	15	0.882353
chr10	14706846	14718170	15	0.882353
chr10	50587690	50599475	15	0.882353
chr9	48532745	48545786	15	0.882353
chr8	2118832	2134991	15	0.882353
chr8	4804227	4829836	15	0.882353
chr9	151674876	151710992	15	0.882353
chr7	48276380	48317238	15	0.882353
chr9	145339825	145385461	15	0.882353
chr7	63443337	63447689	23	0.884615
chr7	115365687	115373477	23	0.884615
chr7	54903546	54912278	23	0.884615
chr7	62248545	62257823	23	0.884615
chr7	21795390	21809380	23	0.884615
chr10	39405451	39419552	23	0.884615
chr10	100599152	100614268	23	0.884615
chr10	45478526	45494016	23	0.884615
chr7	100824291	100853989	23	0.884615
chr9	101370292	101376025	24	0.888889
chr10	47628082	47634311	16	0.888889
chr9	103409797	103416143	16	0.888889
chr10	62087927	62094399	16	0.888889
chr8	45063577	45070930	16	0.888889
chr9	101388083	101395455	24	0.888889
chr9	25854930	25862383	16	0.888889
chr10	40651326	40659272	16	0.888889
chr7	66401280	66409434	16	0.888889
chr7	13732358	13741249	16	0.888889
chr7	135514307	135523247	16	0.888889
chr10	119236027	119244975	16	0.888889
chr10	44957171	44966554	24	0.888889
chr10	66797930	66807409	16	0.888889
chr9	79495110	79504897	24	0.888889
chr7	31961022	31973587	24	0.888889
chr10	81443876	81458536	16	0.888889
chr7	132057044	132074983	16	0.888889
chr10	126600941	126624752	16	0.888889
chr7	23706656	23759663	24	0.888889
chr7	85994563	86066247	16	0.888889
chr9	138150593	138158832	33	0.891892
chr7	62899928	62905431	25	0.892857
chr7	62853751	62860594	25	0.892857
chr7	47543536	47556056	25	0.892857
chr7	64476153	64489856	25	0.892857
chr10	66354094	66376358	25	0.892857
chr7	87076914	87081417	17	0.894737
chr9	138717417	138722850	17	0.894737
chr10	44607756	44614609	17	0.894737
chr10	52884279	52891151	17	0.894737
chr7	34380782	34387802	17	0.894737
chr7	87043505	87050912	17	0.894737
chr7	41374382	41382672	17	0.894737
chr9	99573056	99581917	17	0.894737
chr9	52601067	52610456	17	0.894737
chr10	53928793	53938217	17	0.894737
chr9	69143781	69153258	17	0.894737
chr7	127866477	127876641	17	0.894737
chr7	56834187	56845496	17	0.894737
chr7	59941411	59953281	17	0.894737
chr10	40096989	40109101	17	0.894737
chr9	31033999	31052283	17	0.894737
chr9	18547573	18569717	17	0.894737
chr7	124095312	124117774	17	0.894737
chr10	56681481	56704327	17	0.894737
chr9	15863543	15886917	17	0.894737
chr3	222122863	222158695	17	0.894737
chr10	120816326	120860945	17	0.894737
chr5	1486203	1495726	26	0.896552
chr10	39331599	39343850	26	0.896552
chr10	90485321	90490507	18	0.9
chr7	135959862	135966976	18	0.9
chr9	133415032	133422359	18	0.9
chr7	111432783	111441905	18	0.9
chr9	72842799	72852090	18	0.9
chr9	49402886	49412381	18	0.9
chr7	16420678	16430194	27	0.9
chr9	136334926	136347740	18	0.9
chr10	113329724	113344664	18	0.9
chr7	48054782	48070181	18	0.9
chr10	77678385	77697090	18	0.9
chr8	2085300	2106208	18	0.9
chr10	39360290	39384373	27	0.9
chr9	49369717	49394740	18	0.9
chr8	142064003	142089338	18	0.9
chr10	121535409	121562969	18	0.9
chr10	114156738	114191502	18	0.9
chr7	19830102	19869014	18	0.9
chr9	16849240	16888899	18	0.9
chr10	57054029	57094327	18	0.9
chr9	101492071	101591011	18	0.9
chr10	38141822	38148434	28	0.903226
chr10	116387683	116397207	28	0.903226
chr9	84896300	84903097	19	0.904762
chr7	74577521	74589232	19	0.904762
chr9	34330297	34342020	19	0.904762
chr5	1375608	1391861	19	0.904762
chr9	83250064	83277128	19	0.904762
chr9	138028168	138056014	19	0.904762
chr7	48910424	48917724	29	0.90625
chr7	58467682	58479404	29	0.90625
chr10	118676661	118680907	10	0.909091
chr8	5583122	5587385	10	0.909091
chr7	121999791	122004106	10	0.909091
chr10	17588462	17592808	10	0.909091
chr9	80361220	80365695	10	0.909091
chr10	69957793	69963147	10	0.909091
chr10	70902143	70907746	10	0.909091
chr9	118694089	118700102	10	0.909091
chr7	81493457	81500273	10	0.909091
chr10	85897057	85904295	10	0.909091
chr7	71845943	71853398	10	0.909091
chr9	10633163	10640825	10	0.909091
chr10	63344861	63352539	10	0.909091
chr7	115825997	115834193	10	0.909091
chr8	4793687	4801893	20	0.909091
chr7	84653696	84662692	20	0.909091
chr8	64191327	64200485	10	0.909091
chr9	78700936	78710466	10	0.909091
chr10	112315396	112325012	20	0.909091
chr7	101447797	101457436	20	0.909091
chr7	147838485	147848300	10	0.909091
chr3	229101870	229112351	20	0.909091
chr10	72110843	72121325	10	0.909091
chr8	2184908	2196213	10	0.909091
chr9	95230924	95242284	10	0.909091
chr10	18370034	18381513	10	0.909091
chr7	113381125	113392924	10	0.909091
chr7	65715039	65726872	10	0.909091
chr10	125417768	125431144	10	0.909091
chr9	118268712	118282135	10	0.909091
chr7	96544365	96557820	20	0.909091
chr7	41049493	41064669	20	0.909091
chr7	41864997	41880606	10	0.909091
chr7	87527682	87544221	10	0.909091
chr7	40183168	40200659	10	0.909091
chr7	107584648	107604283	20	0.909091
chr9	87057013	87080533	10	0.909091
chr9	135947417	135971282	10	0.909091
chr7	104779911	104805491	10	0.909091
chr9	51394770	51424742	20	0.909091
chr8	67190750	67220878	20	0.909091
chr7	29723809	29754252	10	0.909091
chr10	65480485	65511142	10	0.909091
chr10	76195711	76232906	10	0.909091
chr9	120526346	120566837	10	0.909091
chr7	15571130	15614839	20	0.909091
chr7	127948542	127992258	10	0.909091
chr10	57935047	57979979	10	0.909091
chr10	121378177	121426611	10	0.909091
chr7	107830293	107885554	10	0.909091
chr7	18260863	18329226	10	0.909091
chr10	39867792	40031730	10	0.909091
chr7	69639110	69649628	31	0.911765
chr9	108901333	108921316	31	0.911765
chr7	20835608	20840790	21	0.913043
chr9	129726296	129731740	21	0.913043
chr7	44825199	44832537	21	0.913043
chr8	6621900	6629561	21	0.913043
chr9	24833188	24842431	21	0.913043
chr10	47638524	47647826	21	0.913043
chr9	91869600	91878961	21	0.913043
chr10	41060259	41069773	21	0.913043
chr9	147432255	147441873	21	0.913043
chr7	35105812	35115451	21	0.913043
chr7	101775119	101784868	21	0.913043
chr7	49777745	49791961	21	0.913043
chr8	2493927	2518669	21	0.913043
chr8	2680372	2707842	21	0.913043
chr3	225206313	232856898	21	0.913043
chr8	17751209	17756076	22	0.916667
chr7	52152854	52158050	22	0.916667
chr9	16895071	16900292	11	0.916667
chr10	34710224	34715807	11	0.916667
chr9	129738396	129744375	11	0.916667
chr9	54752355	54758529	11	0.916667
chr9	97651771	97658035	11	0.916667
chr7	107270212	107277069	11	0.916667
chr10	54300554	54307416	22	0.916667
chr10	70910059	70917438	11	0.916667
chr7	68090260	68097725	11	0.916667
chr10	91651133	91659140	11	0.916667
chr7	30401062	30409555	11	0.916667
chr7	49976744	49985526	11	0.916667
chr7	38061664	38070585	22	0.916667
chr10	92019733	92028690	11	0.916667
chr10	73827971	73837103	22	0.916667
chr10	34976997	34986174	11	0.916667
chr3	229324726	229333983	11	0.916667
chr7	32979925	32989433	22	0.916667
chr8	140795226	140804747	11	0.916667
chr7	75255446	75264984	11	0.916667
chr7	140068083	140077710	11	0.916667
chr9	85581079	85591054	22	0.916667
chr10	96567270	96577859	11	0.916667
chr9	31251255	31262296	11	0.916667
chr10	35498913	35510451	11	0.916667
chr10	56850916	56862501	22	0.916667
chr10	63154666	63167072	11	0.916667
chr10	49631089	49644678	11	0.916667
chr9	121627194	121640925	11	0.916667
chr7	82352872	82367247	11	0.916667
chr10	56710398	56725492	11	0.916667
chr10	44321871	44337033	11	0.916667
chr9	34556538	34572303	11	0.916667
chr9	19307945	19325592	11	0.916667
B73V4_ctg150	1087974	1105980	11	0.916667
chr9	103559029	103577863	22	0.916667
chr10	41815042	41834030	11	0.916667
chr9	118885316	118905826	11	0.916667
chr9	69431655	69454122	11	0.916667
chr9	47976280	48003644	11	0.916667
chr7	31182480	31211359	11	0.916667
chr7	103103334	103135420	11	0.916667
chr9	133471905	133504208	11	0.916667
chr10	93519681	93557718	11	0.916667
chr10	118924248	118962965	11	0.916667
chr10	34718696	34763594	11	0.916667
chr7	78238134	78284405	11	0.916667
chr7	14595745	14642500	11	0.916667
chr10	127615685	127664417	11	0.916667
chr9	18612411	18661785	11	0.916667
chr10	83453669	83503770	11	0.916667
chr10	56450296	56587565	11	0.916667
chr7	65216594	65223422	23	0.92
chr7	23055619	23062524	23	0.92
chr3	227773898	227781257	23	0.92
chr7	131569744	131578427	23	0.92
chr9	69127579	69136992	23	0.92
chr7	44374351	44383831	23	0.92
chr7	67876300	67885821	23	0.92
chr9	106761672	106774320	23	0.92
chr9	17437959	17450722	23	0.92
chr9	92134238	92147971	23	0.92
chr10	54507743	54534233	23	0.92
chr9	51548580	51585684	23	0.92
chr7	137440965	137445568	12	0.923077
chr7	20501665	20506470	12	0.923077
chr9	135554523	135559929	12	0.923077
chr7	63162641	63168284	24	0.923077
chr9	145643722	145649526	12	0.923077
chr7	49004396	49010305	12	0.923077
chr10	58103677	58109865	12	0.923077
chr10	113969748	113975958	12	0.923077
chr10	45713345	45720011	12	0.923077
chr10	68430005	68436767	12	0.923077
chr7	56524871	56532002	12	0.923077
chr7	60446780	60454123	12	0.923077
chr10	128173759	128181116	12	0.923077
chr7	35328670	35336124	12	0.923077
chr9	86548195	86556034	12	0.923077
chr10	122799413	122807745	12	0.923077
chr7	87127609	87136217	12	0.923077
chr7	54080374	54089095	12	0.923077
chr7	135498753	135507675	12	0.923077
chr9	101377095	101386022	24	0.923077
chr7	45898339	45907274	24	0.923077
chr3	215707099	215716041	12	0.923077
chr10	96870307	96879253	12	0.923077
chr7	47306457	47315491	12	0.923077
chr9	140471884	140480971	24	0.923077
chr10	46960694	46970082	24	0.923077
chr10	11890769	11900289	12	0.923077
chr5	187863692	187873215	12	0.923077
chr10	36553644	36563198	24	0.923077
chr10	118154997	118164614	12	0.923077
chr5	7978227	7988237	12	0.923077
chr3	208789386	208799753	12	0.923077
chr7	31949938	31960725	24	0.923077
chr7	67103990	67115694	12	0.923077
chr7	88988624	89001455	12	0.923077
chr7	51921992	51935435	12	0.923077
chr10	120892239	120905770	12	0.923077
B73V4_ctg150	1629854	1643660	12	0.923077
chr9	123013730	123027699	12	0.923077
chr9	97389448	97403658	12	0.923077
chr7	137158747	137173081	12	0.923077
chr10	131854159	131868787	12	0.923077
chr10	114260854	114275510	12	0.923077
chr10	55253770	55271384	12	0.923077
chr7	64960107	64983433	12	0.923077
chr9	128179334	128203439	12	0.923077
chr10	34799428	34823773	12	0.923077
chr7	35929905	35955965	12	0.923077
chr2	79851242	79885287	12	0.923077
chr9	145601909	145639911	12	0.923077
chr7	126815528	126855252	12	0.923077
chr7	114915482	114980846	12	0.923077
chr10	73113684	73122383	25	0.925926
chr7	94595274	94604222	25	0.925926
chr7	19106767	19115755	25	0.925926
chr9	21511392	21516725	13	0.928571
chr9	147628279	147634253	13	0.928571
chr7	93705715	93711726	13	0.928571
chr10	79579677	79585877	13	0.928571
chr7	11183611	11190725	13	0.928571
chr10	64686233	64693613	13	0.928571
chr9	25603870	25611306	13	0.928571
chr9	137976537	137984021	13	0.928571
chr7	137783638	137791290	13	0.928571
chr7	127054491	127062799	26	0.928571
chr9	118871053	118880018	13	0.928571
chr7	109374455	109383428	13	0.928571
chr10	81863387	81872809	13	0.928571
chr10	56319783	56329257	13	0.928571
chr10	123927038	123936583	13	0.928571
chr9	83201621	83211225	13	0.928571
chr10	7379610	7389352	13	0.928571
chr10	122837216	122847499	13	0.928571
chr7	133676350	133687469	13	0.928571
chr7	129699220	129710805	13	0.928571
chr10	130501999	130514130	13	0.928571
chr7	9066354	9079507	13	0.928571
chr9	5549251	5562577	13	0.928571
chr7	96855408	96868963	26	0.928571
chr9	81069646	81083408	13	0.928571
chr10	80290865	80304729	13	0.928571
chr9	72706296	72720938	13	0.928571
chr8	140778368	140793271	13	0.928571
chr7	127842644	127857677	13	0.928571
chr9	100963552	100979160	13	0.928571
chr7	108222166	108238518	13	0.928571
chr5	3736212	3752962	26	0.928571
chr7	92948429	92965687	13	0.928571
chr10	47334779	47352083	13	0.928571
chr3	228275042	228293582	13	0.928571
chr10	84714707	84735827	13	0.928571
chr9	28274321	28299368	13	0.928571
chr7	126592432	126618559	13	0.928571
chr9	127694075	127728463	13	0.928571
chr7	105641913	105686451	13	0.928571
chr9	142008709	142086618	13	0.928571
chr10	73534386	73623021	13	0.928571
chr5	145428380	145443811	40	0.930233
chr7	49596451	49605929	27	0.931034
chr7	91905289	91917016	27	0.931034
chr7	47793741	47834337	27	0.931034
chr7	87096028	87100187	14	0.933333
chr9	85145368	85149984	14	0.933333
chr7	54618139	54625428	14	0.933333
chr7	65051687	65059049	14	0.933333
chr9	24040052	24047436	14	0.933333
chr7	91658750	91666214	14	0.933333
chr9	94366027	94373882	14	0.933333
chr10	12377541	12385903	14	0.933333
chr3	232604410	232613282	14	0.933333
chr10	38584269	38593192	14	0.933333
B73V4_ctg150	747840	756769	14	0.933333
chr7	113153347	113162286	14	0.933333
chr7	23660400	23669376	14	0.933333
chr7	64835152	64844134	14	0.933333
chr10	37885437	37894700	14	0.933333
chr7	45033625	45042977	14	0.933333
chr9	128269292	128278808	14	0.933333
chr10	87482166	87491683	14	0.933333
chr7	57910023	57919655	28	0.933333
chr7	68942159	68953604	14	0.933333
chr10	68255569	68267117	14	0.933333
chr7	109826351	109838076	14	0.933333
chr10	48462795	48474594	14	0.933333
chr9	30164822	30178395	14	0.933333
chr8	117321432	117335198	14	0.933333
chr10	93696921	93712512	14	0.933333
chr7	35746762	35763315	14	0.933333
chr7	131798559	131817594	14	0.933333
chr7	20158376	20180190	14	0.933333
chr10	115755433	115786571	14	0.933333
chr10	46723640	46758459	14	0.933333
chr10	70060157	70096455	14	0.933333
chr10	95864489	95909093	14	0.933333
chr7	104375968	104441002	14	0.933333
chr10	95669786	95737091	14	0.933333
chr5	192371237	192375638	115	0.934959
chr7	129470016	129477071	29	0.935484
chr7	88634994	88643285	29	0.935484
chr10	56631846	56640796	29	0.935484
chr10	43914817	43919292	15	0.9375
chr9	33706981	33711930	15	0.9375
chr7	80967753	80973011	15	0.9375
chr10	45261239	45267318	15	0.9375
chr9	146953308	146959455	15	0.9375
chr9	119011318	119017808	15	0.9375
chr7	105311691	105318342	15	0.9375
chr7	44554124	44561387	15	0.9375
chr10	48930302	48937630	15	0.9375
chr7	78208936	78216402	15	0.9375
chr10	43440999	43449833	15	0.9375
chr7	51380231	51389155	15	0.9375
chr9	35187917	35196904	15	0.9375
chr7	41094213	41103629	15	0.9375
chr9	105211438	105220959	15	0.9375
chr7	118312760	118322320	15	0.9375
chr10	68328345	68338002	15	0.9375
chr9	98890741	98901673	15	0.9375
chr5	7409337	7420300	15	0.9375
chr10	78366338	78378354	15	0.9375
chr5	2074619	2086711	15	0.9375
chr9	14494201	14507070	15	0.9375
chr9	140452094	140465943	15	0.9375
chr7	133752483	133767078	15	0.9375
chr9	141984626	142001931	15	0.9375
chr7	104094242	104111679	15	0.9375
chr7	95267891	95286365	15	0.9375
chr9	144470259	144489153	15	0.9375
chr5	3436748	3456407	15	0.9375
chr9	150727955	150748582	15	0.9375
chr7	41175050	41197569	15	0.9375
chr9	104073617	104096849	15	0.9375
chr7	41295109	41319485	15	0.9375
chr10	121242239	121268121	15	0.9375
chr9	16014705	16040904	15	0.9375
chr9	95383244	95414095	15	0.9375
chr9	48127091	48170047	15	0.9375
chr9	142961997	142966130	16	0.941176
chr5	9184225	9189446	16	0.941176
chr10	130074437	130080217	16	0.941176
chr7	82464264	82471664	16	0.941176
chr7	89253288	89260782	16	0.941176
chr10	92061412	92069388	16	0.941176
chr10	89428894	89437249	16	0.941176
chr7	53428732	53437674	16	0.941176
chr9	126918522	126927467	16	0.941176
chr7	34756625	34765582	16	0.941176
chr7	128242969	128251957	16	0.941176
chr7	137138371	137147555	16	0.941176
chr7	85186598	85195940	16	0.941176
chr10	46532581	46541989	16	0.941176
chr9	93386872	93396329	16	0.941176
chr7	132105106	132114621	16	0.941176
chr10	64674186	64683817	16	0.941176
chr9	19296499	19306301	16	0.941176
chr9	121133209	121143061	16	0.941176
chr7	32933761	32943763	16	0.941176
chr9	142501945	142512507	16	0.941176
chr7	89632612	89644039	16	0.941176
chr7	129578043	129589612	16	0.941176
chr9	13791462	13803267	16	0.941176
chr8	122950178	122962032	16	0.941176
chr7	70060949	70073037	16	0.941176
chr9	52021126	52033271	16	0.941176
chr7	30953618	30965899	32	0.941176
chr10	119754309	119767135	16	0.941176
chr7	104910481	104923464	16	0.941176
chr10	43940379	43953911	16	0.941176
chr7	61288094	61303494	16	0.941176
chr9	143640103	143658943	16	0.941176
chr3	227785129	227812542	16	0.941176
chr9	18829371	18857145	16	0.941176
chr3	229850464	229888174	16	0.941176
chr5	1668528	1712878	16	0.941176
chr7	137284832	137358635	16	0.941176
chr9	14794510	14815788	33	0.942857
chr10	41037803	41043054	17	0.944444
chr8	4785552	4792603	17	0.944444
chr10	38181601	38188917	17	0.944444
chr7	35921852	35929198	17	0.944444
chr7	63529729	63537110	17	0.944444
chr7	43610713	43618166	17	0.944444
chr10	43927444	43935204	17	0.944444
chr7	107216847	107224761	17	0.944444
chr9	63913858	63922177	17	0.944444
chr7	9087387	9095936	17	0.944444
chr7	100861140	100870061	17	0.944444
chr9	109196341	109205671	17	0.944444
chr7	34364163	34373556	17	0.944444
chr7	49054527	49065015	17	0.944444
chr7	72739282	72749895	17	0.944444
chr5	191987682	191999231	17	0.944444
chr7	91969071	91980830	17	0.944444
chr7	45231943	45244866	17	0.944444
chr7	33123559	33136731	17	0.944444
chr7	126964032	126978123	17	0.944444
chr7	70455858	70470804	17	0.944444
chr5	7840476	7858921	17	0.944444
chr9	95731575	95751440	17	0.944444
chr9	98488538	98509168	17	0.944444
chr9	119213655	119239672	17	0.944444
chr10	99065141	99104459	17	0.944444
chr3	234246294	234287723	17	0.944444
chr2	79888167	79917638	87	0.945652
chr9	120338080	120342567	18	0.947368
chr10	42022046	42027013	18	0.947368
chr7	108161574	108166894	18	0.947368
chr9	96878890	96884764	18	0.947368
chr10	88753270	88759829	18	0.947368
chr7	87058434	87065714	18	0.947368
chr7	10437228	10444573	18	0.947368
chr10	87657357	87664722	18	0.947368
chr10	53939984	53947719	18	0.947368
chr8	79195211	79203355	18	0.947368
B73V4_ctg150	1469765	1478003	18	0.947368
chr10	55205539	55215036	18	0.947368
chr9	16595168	16604665	18	0.947368
chr7	33398102	33407630	18	0.947368
chr10	46708786	46718352	18	0.947368
chr9	94257669	94268966	18	0.947368
chr10	55384600	55395993	18	0.947368
chr10	86611370	86622994	18	0.947368
chr9	5520144	5533577	18	0.947368
chr9	70696214	70711204	18	0.947368
chr10	88337216	88357824	18	0.947368
chr10	90141830	90184951	18	0.947368
chr5	8980945	9051394	18	0.947368
chr9	112516882	112596377	18	0.947368
chr8	45581953	45707291	37	0.948718
chr8	82672106	82677092	19	0.95
chr7	21758758	21764153	19	0.95
chr10	71789887	71796059	19	0.95
chr10	38687853	38695199	19	0.95
chr10	91827223	91834646	19	0.95
chr7	60314469	60321978	19	0.95
chr7	107818937	107826773	19	0.95
chr10	126196694	126205981	19	0.95
chr7	53574360	53584147	19	0.95
chr10	48042579	48052919	19	0.95
chr3	229899890	229911612	19	0.95
chr10	66135150	66146997	19	0.95
chr9	48300792	48314573	19	0.95
chr9	28136439	28152065	19	0.95
chr10	130686417	130717024	19	0.95
chr2	9100357	98044071	135	0.950704
chr3	218951018	218957153	20	0.952381
chr10	46072408	46078601	20	0.952381
chr7	21638313	21645510	20	0.952381
chr9	125405588	125413907	20	0.952381
chr7	46311930	46320293	20	0.952381
chr9	14575900	14584768	20	0.952381
chr9	89534670	89543657	20	0.952381
chr9	141606575	141615591	20	0.952381
chr7	125968043	125977460	20	0.952381
chr10	40142030	40153053	20	0.952381
chr10	89289740	89303460	20	0.952381
chr7	12750047	12765394	20	0.952381
chr9	85562033	85577897	20	0.952381
chr8	8212531	8229281	20	0.952381
chr7	44624930	44641796	20	0.952381
chr9	77547198	77567942	20	0.952381
chr9	119420274	119441598	20	0.952381
chr7	36485857	36628563	20	0.952381
chr9	52547996	52555366	21	0.954545
chr9	53761777	53769352	21	0.954545
chr7	83347461	83355784	21	0.954545
chr10	43751201	43759529	21	0.954545
chr9	49780146	49789111	21	0.954545
chr10	56881681	56890801	21	0.954545
chr10	83732263	83741906	21	0.954545
chr10	38045023	38055976	21	0.954545
chr9	93200618	93212191	21	0.954545
chr9	97372333	97384063	21	0.954545
B73V4_ctg150	284636	296395	21	0.954545
chr7	16099895	16113473	21	0.954545
chr9	125418288	125431995	21	0.954545
chr10	69296184	69309991	21	0.954545
chr9	69191720	69208377	21	0.954545
chr3	230694872	230714037	21	0.954545
chr7	115288294	115322048	21	0.954545
chr9	85159111	85199411	21	0.954545
chr10	40812802	40873277	21	0.954545
chr9	15921005	24089642	21	0.954545
chr10	96884090	96890616	22	0.956522
chr7	109097357	109104719	22	0.956522
chr10	54495617	54503046	22	0.956522
chr9	145987924	145997449	22	0.956522
chr7	84584846	84594402	22	0.956522
chr9	140549464	140559232	22	0.956522
chr7	76462663	76472472	22	0.956522
chr7	78133160	78144741	22	0.956522
chr7	99731477	99743323	22	0.956522
chr10	112029495	112051007	22	0.956522
chr10	87878792	87910966	22	0.956522
chr8	99525822	99530153	23	0.958333
chr10	52089823	52096695	23	0.958333
chr10	63641080	63648042	23	0.958333
chr10	38568747	38575949	23	0.958333
chr10	65207783	65215069	23	0.958333
chr7	74054112	74061543	23	0.958333
chr7	116733355	116741280	23	0.958333
chr7	44495542	44504905	23	0.958333
chr10	79184285	79194489	23	0.958333
chr10	66453386	66467010	23	0.958333
chr7	43335487	43349680	23	0.958333
chr7	15549341	15553964	24	0.96
chr9	132907057	132912319	24	0.96
chr10	82280390	82287794	24	0.96
chr10	44450305	44460344	24	0.96
chr7	132932797	132944711	24	0.96
chr10	56378806	56392645	24	0.96
chr10	46913390	46950761	24	0.96
chr7	14647807	14695566	24	0.96
chr10	74851263	74927870	24	0.96
chr9	92942445	92951465	25	0.961538
chr3	232742631	232752093	25	0.961538
chr7	96925334	96934849	25	0.961538
chr7	46203964	46216570	25	0.961538
chr7	126718652	126731416	25	0.961538
chr9	45487319	45506160	25	0.961538
chr9	68860128	68879138	25	0.961538
chr10	58719083	58744448	25	0.961538
chr9	147650118	147697873	25	0.961538
chr10	113308775	113317644	26	0.962963
chr9	69176984	69185906	26	0.962963
chr7	89655114	89664590	26	0.962963
chr7	13513209	13524808	26	0.962963
chr7	131581845	131594484	26	0.962963
chr10	39141785	39162046	26	0.962963
chr10	49140490	49170632	26	0.962963
chr10	43861609	43903893	26	0.962963
chr10	96636992	96641551	27	0.964286
chr9	132914511	132919852	27	0.964286
chr10	66585709	66592425	27	0.964286
chr9	48209613	48216476	27	0.964286
chr7	66935942	66943987	27	0.964286
chr7	47844196	47853657	27	0.964286
chr10	50808114	50817731	27	0.964286
chr7	53776028	53787660	27	0.964286
chr7	69679846	69694167	27	0.964286
chr5	145428379	145443811	81	0.964286
chr7	21775921	21782493	28	0.965517
chr7	47235869	47244863	28	0.965517
chr7	59117847	59127160	28	0.965517
chr7	69619591	69629698	28	0.965517
chr7	30175385	30187138	28	0.965517
chr10	126933032	126945164	28	0.965517
chr10	50903495	50910887	29	0.966667
chr5	1511375	1529283	29	0.966667
chr7	109781198	109786713	30	0.967742
chr7	109787741	109797444	30	0.967742
chr7	78156789	78179073	30	0.967742
chr10	80900099	80907443	31	0.96875
chr10	86009922	86023626	31	0.96875
chr7	45782016	45786624	32	0.969697
chr5	3629211	3682933	34	0.971429
chr10	94674147	94687455	36	0.972973
chr10	4947696	4998981	46	0.978723
chr1	144415570	144513880	33	1
chr1	3386287	3438499	24	1
chr1	3454642	3476765	10	1
chr1	250966892	250985798	13	1
chr1	893728	909410	21	1
chr1	1590891	1602873	20	1
chr1	1744119	1754057	29	1
chr1	1983786	1993419	28	1
chr1	1260722	1270271	29	1
chr1	1790722	1799635	23	1
chr1	1108062	1116557	39	1
chr1	1541942	1550025	15	1
chr1	2097948	2104246	18	1
chr1	2090542	2096311	15	1
chr1	420871	426264	33	1
chr1	122987	128278	32	1
chr1	1516495	1521702	13	1
chr1	332432	337596	16	1
chr1	3110364	3115355	27	1
chr2	220334051	220378550	24	1
chr2	220398890	220419575	16	1
chr2	198173594	198193093	30	1
chr2	220578695	220588207	37	1
chr2	220209310	220216498	11	1
chr2	237155494	237161229	32	1
chr3	15433026	15639378	13	1
chr3	230791572	230866754	17	1
chr3	231560439	231611554	13	1
chr3	234447981	234486646	18	1
chr3	227448478	227469665	16	1
chr3	180928423	180949132	14	1
chr3	220382130	220398912	12	1
chr3	229748715	229763367	11	1
chr3	232918368	232932362	18	1
chr3	232781714	232795649	11	1
chr3	231546706	231559986	14	1
chr3	229835480	229847521	12	1
chr3	227608075	227619130	16	1
chr3	233867181	233876956	13	1
chr3	232141108	232150636	11	1
chr3	233072336	233081854	16	1
chr3	234654376	234663867	14	1
chr3	234611335	234620798	25	1
chr3	227620162	227629148	13	1
chr3	234599757	234608737	16	1
chr3	231743309	231752203	17	1
chr3	232650506	232659383	11	1
chr3	234302997	234311860	10	1
chr3	232074732	232083152	30	1
chr3	232807176	232814628	20	1
chr3	233317642	233325043	14	1
chr3	232478545	232485787	11	1
chr3	231358194	231364535	21	1
chr3	229739019	229744774	16	1
chr3	232894589	232899814	13	1
chr3	230969238	230973846	11	1
chr4	47279504	47368016	17	1
chr4	181865380	181899498	22	1
chr4	191721787	191754750	26	1
chr4	181830906	181854022	14	1
chr4	182040440	182054219	29	1
chr4	160256254	160265794	10	1
chr4	181505933	181514983	19	1
chr4	181069284	181078204	14	1
chr4	181530869	181538037	29	1
chr4	181035033	181040755	16	1
chr4	181419064	181423612	17	1
chr5	7421051	7467534	13	1
chr5	2241421	2268821	11	1
chr5	16667836	16695183	46	1
chr5	9865391	9888074	10	1
chr5	1724583	1745056	12	1
chr5	7816961	7837125	24	1
chr5	802649	821474	10	1
chr5	2206878	2224224	10	1
chr5	7471227	7484605	10	1
chr5	2558402	2570341	10	1
chr5	184074424	184083407	21	1
chr5	1981795	1988299	21	1
chr5	2381204	2387488	22	1
chr5	21516855	21522617	12	1
chr5	2373652	2379237	11	1
chr5	2357971	2363241	20	1
chr5	1283872	1288524	19	1
chr6	93389565	93400416	10	1
chr7	32457596	32622766	13	1
chr7	14160576	14292816	16	1
chr7	114783067	114903648	10	1
chr7	34003468	34122479	11	1
chr7	115930658	116036487	12	1
chr7	132976982	133060511	14	1
chr7	94220835	94285976	12	1
chr7	95360364	95423867	15	1
chr7	104957891	105020295	15	1
chr7	27716021	27778194	13	1
chr7	24590422	24651553	19	1
chr7	86863883	86922804	11	1
chr7	16976822	17034026	10	1
chr7	95014129	95070464	12	1
chr7	127996115	128052202	11	1
chr7	21835747	21885549	13	1
chr7	109229919	109274701	10	1
chr7	87916942	87959047	13	1
chr7	12051270	12091532	11	1
chr7	102198653	102236488	13	1
chr7	116383919	116419571	23	1
chr7	26456062	26490916	11	1
chr7	20798826	20832782	23	1
chr7	101977400	102011265	11	1
chr7	109683367	109717024	14	1
chr7	28796591	28829998	11	1
chr7	133061165	133094296	14	1
chr7	92346798	92379214	21	1
chr7	41483719	41515832	11	1
chr7	48750944	48783006	11	1
chr7	42882419	42913290	11	1
chr7	17761927	17792477	16	1
chr7	69757915	69786979	12	1
chr7	134396852	134425019	17	1
chr7	17455675	17483707	17	1
chr7	51957407	51984926	10	1
chr7	16120620	16147329	22	1
chr7	14453211	14479576	14	1
chr7	36403665	36429509	13	1
chr7	41200156	41225342	10	1
chr7	114658863	114682709	18	1
chr7	21421417	21445181	12	1
chr7	51996511	52020058	10	1
chr7	95089944	95113266	11	1
chr7	118194778	118218096	13	1
chr7	98194044	98216871	13	1
chr7	81952914	81975651	19	1
chr7	116140628	116163325	11	1
chr7	31974546	31997075	29	1
chr7	10800577	10822155	14	1
chr7	110995184	111016162	19	1
chr7	109428957	109449756	12	1
chr7	19803082	19823492	20	1
chr7	127738724	127758941	12	1
chr7	104040781	104060340	14	1
chr7	41344365	41363833	17	1
chr7	50446246	50465704	16	1
chr7	9632017	9651179	11	1
chr7	25746545	25765684	11	1
chr7	105815482	105834570	12	1
chr7	41708438	41727428	23	1
chr7	21463613	21482116	13	1
chr7	92120705	92139025	22	1
chr7	30222006	30240202	16	1
chr7	36463076	36481210	15	1
chr7	86926082	86943683	16	1
chr7	48786811	48804342	11	1
chr7	134919000	134935910	14	1
chr7	20652625	20669467	13	1
chr7	33985491	34002108	16	1
chr7	96630714	96647150	14	1
chr7	51939065	51955277	11	1
chr7	92402320	92418411	19	1
chr7	11250419	11266082	14	1
chr7	33103171	33118627	16	1
chr7	48639335	48654714	18	1
chr7	80984939	80999944	15	1
chr7	56017368	56032340	14	1
chr7	85154247	85169219	10	1
chr7	64435819	64450757	21	1
chr7	48551256	48566189	18	1
chr7	70234457	70249185	11	1
chr7	113174861	113189500	10	1
chr7	89275950	89290533	10	1
chr7	48252593	48266859	20	1
chr7	16456805	16471057	11	1
chr7	109212684	109226909	18	1
chr7	107937165	107951364	18	1
chr7	128429220	128443406	12	1
chr7	10375133	10389288	22	1
chr7	100674067	100688190	18	1
chr7	85556439	85570539	28	1
chr7	11823152	11837207	12	1
chr7	9381771	9395820	12	1
chr7	89592321	89606363	22	1
chr7	113192136	113206170	10	1
chr7	22622808	22636723	13	1
chr7	108899464	108913358	11	1
chr7	16365496	16379350	23	1
chr7	42605210	42619025	12	1
chr7	14865565	14879364	19	1
chr7	117836267	117850014	16	1
chr7	96133053	96146785	19	1
chr7	96028974	96042648	16	1
chr7	14118216	14131886	15	1
chr7	106172569	106186078	15	1
chr7	115036169	115049642	19	1
chr7	47447589	47461031	18	1
chr7	45396232	45409663	11	1
chr7	109275932	109289343	10	1
chr7	115224174	115237542	19	1
chr7	102511276	102524596	16	1
chr7	57312131	57325348	17	1
chr7	95186135	95199299	17	1
chr7	19296741	19309835	17	1
chr7	28578759	28591714	14	1
chr7	88857536	88870366	28	1
chr7	61736397	61749185	12	1
chr7	9202121	9214888	30	1
chr7	41663926	41676668	10	1
chr7	29858878	29871553	15	1
chr7	51068788	51081401	12	1
chr7	11044246	11056844	14	1
chr7	9362594	9375075	19	1
chr7	20062676	20075148	12	1
chr7	87657529	87669939	13	1
chr7	44571961	44584308	13	1
chr7	43027211	43039504	18	1
chr7	105568297	105580427	13	1
chr7	20843883	20856009	21	1
chr7	22595665	22607789	10	1
chr7	132078198	132090277	17	1
chr7	18358653	18370718	15	1
chr7	87769855	87781848	13	1
chr7	71175611	71187471	23	1
chr7	51123181	51135029	17	1
chr7	60250793	60262569	11	1
chr7	85036279	85048051	13	1
chr7	117659042	117670782	12	1
chr7	66295598	66307319	12	1
chr7	70513623	70525318	14	1
chr7	77806742	77818431	20	1
chr7	41752646	41764306	14	1
chr7	63695953	63707570	13	1
chr7	110041633	110053227	23	1
chr7	43058779	43070363	10	1
chr7	51576036	51587560	28	1
chr7	44902317	44913806	12	1
chr7	21152688	21164162	15	1
chr7	81987770	81999075	17	1
chr7	47369649	47380901	11	1
chr7	135855690	135866909	11	1
chr7	82273216	82284327	15	1
chr7	21494142	21504725	16	1
chr7	34655374	34665957	23	1
chr7	54976286	54986613	18	1
chr7	89969280	89979584	12	1
chr7	112529034	112539219	13	1
chr7	54740675	54750850	13	1
chr7	142455830	142465992	19	1
chr7	98100875	98111000	12	1
chr7	21069132	21079233	15	1
chr7	14051665	14061699	12	1
chr7	102282055	102292044	13	1
chr7	54167240	54177137	16	1
chr7	40217717	40227551	13	1
chr7	10363386	10373192	15	1
chr7	35730365	35740129	12	1
chr7	32916975	32926696	16	1
chr7	105294729	105304423	12	1
chr7	40142094	40151744	13	1
chr7	16150305	16159940	19	1
chr7	44916103	44925721	14	1
chr7	100694415	100704026	15	1
chr7	108858312	108867868	20	1
chr7	56181726	56191268	17	1
chr7	84139727	84149251	31	1
chr7	10347347	10356857	23	1
chr7	67064465	67073972	13	1
chr7	69803322	69812828	11	1
chr7	81179026	81188527	10	1
chr7	49392104	49401585	18	1
chr7	51697216	51706675	16	1
chr7	95148818	95158275	14	1
chr7	109130277	109139727	15	1
chr7	35435518	35444963	20	1
chr7	85199745	85209184	18	1
chr7	102662026	102671455	13	1
chr7	102292919	102302334	16	1
chr7	105274758	105284167	13	1
chr7	122609275	122618681	15	1
chr7	113163011	113172416	14	1
chr7	28596475	28605876	11	1
chr7	69711546	69720947	12	1
chr7	29265405	29274803	11	1
chr7	85175191	85184584	16	1
chr7	65017856	65027242	25	1
chr7	111140580	111149949	21	1
chr7	98401603	98410971	17	1
chr7	85859233	85868600	20	1
chr7	108119579	108128899	18	1
chr7	92781578	92790847	10	1
chr7	41696603	41705773	19	1
chr7	129449655	129458815	26	1
chr7	118498242	118507387	10	1
chr7	53320257	53329375	11	1
chr7	21448762	21457835	20	1
chr7	73119991	73129009	22	1
chr7	57643307	57652324	15	1
chr7	42713306	42722321	20	1
chr7	29160384	29169373	10	1
chr7	48237231	48246212	15	1
chr7	54243360	54252315	16	1
chr7	95114980	95123931	11	1
chr7	106161363	106170313	18	1
chr7	70043054	70051987	15	1
chr7	87545865	87554798	11	1
chr7	13549180	13558100	23	1
chr7	87084607	87093524	11	1
chr7	89618667	89627568	13	1
chr7	42215032	42223922	12	1
chr7	69885196	69894068	10	1
chr7	113340120	113348991	25	1
chr7	48394829	48403613	11	1
chr7	135296344	135305091	14	1
chr7	81261098	81269581	15	1
chr7	24956099	24964575	16	1
chr7	63334477	63342786	13	1
chr7	110775097	110783266	13	1
chr7	9551779	9559865	11	1
chr7	39718731	39726804	19	1
chr7	62772201	62780250	25	1
chr7	124086086	124094134	16	1
chr7	54655242	54663231	16	1
chr7	29878747	29886687	14	1
chr7	30681732	30689644	14	1
chr7	49198549	49206459	11	1
chr7	135269075	135276866	10	1
chr7	105086041	105093801	15	1
chr7	42513739	42521288	16	1
chr7	87116591	87124130	14	1
chr7	91636861	91644323	25	1
chr7	100642930	100650359	14	1
chr7	45967191	45974607	23	1
chr7	68444813	68452198	16	1
chr7	16391435	16398819	25	1
chr7	87068266	87075648	18	1
chr7	101017068	101024450	12	1
chr7	97323347	97330722	21	1
chr7	62053801	62061157	15	1
chr7	108725991	108733339	13	1
chr7	61907526	61914868	23	1
chr7	105582147	105589481	17	1
chr7	50614337	50621652	14	1
chr7	45344964	45352239	19	1
chr7	103138393	103145604	10	1
chr7	41365828	41373028	18	1
chr7	127123008	127129960	19	1
chr7	10462057	10468998	12	1
chr7	35767354	35774269	25	1
chr7	56174343	56181217	19	1
chr7	121048690	121055535	10	1
chr7	28787745	28794328	13	1
chr7	88496848	88503388	14	1
chr7	136726976	136733505	11	1
chr7	32623217	32629732	14	1
chr7	26224768	26231260	17	1
chr7	59971968	59978453	20	1
chr7	21626068	21632510	23	1
chr7	133226355	133232774	10	1
chr7	13869069	13875440	12	1
chr7	108185990	108192236	10	1
chr7	107163679	107169911	12	1
chr7	17489645	17495856	26	1
chr7	93454112	93460238	20	1
chr7	9195015	9201137	30	1
chr7	43466954	43473066	24	1
chr7	133930860	133936947	23	1
chr7	59565821	59571759	23	1
chr7	77750621	77756545	15	1
chr7	133695371	133701274	14	1
chr7	78409121	78415006	15	1
chr7	36453698	36459569	10	1
chr7	87785741	87791595	14	1
chr7	82377407	82383220	13	1
chr7	137130526	137136149	15	1
chr7	101481236	101486853	11	1
chr7	134909859	134915448	11	1
chr7	39994990	40000543	17	1
chr7	71128853	71134320	27	1
chr7	9625432	9630894	17	1
chr7	116083872	116089200	10	1
chr7	27245986	27251310	18	1
chr7	53766463	53771540	16	1
chr7	115095110	115100141	16	1
chr7	79098934	79103871	12	1
chr7	13591355	13595988	16	1
chr7	49080513	49084879	19	1
chr7	111864937	111869170	12	1
chr7	123364563	123368601	18	1
chr8	23889719	24115940	10	1
chr8	100399915	100554074	22	1
chr8	61005334	61140689	20	1
chr8	12311974	12443999	23	1
chr8	67918948	68044008	20	1
chr8	111539497	111648685	10	1
chr8	10524436	10630098	15	1
chr8	27996554	28093552	25	1
chr8	62692143	62783298	15	1
chr8	3423527	3511729	11	1
chr8	73470996	73557861	17	1
chr8	33563653	33647892	13	1
chr8	17465170	17548565	29	1
chr8	111148065	111231440	11	1
chr8	106622044	106702276	25	1
chr8	107784486	107864564	14	1
chr8	67402702	67479576	27	1
chr8	61150829	61225061	13	1
chr8	83527685	83601699	15	1
chr8	96936571	97009258	23	1
chr8	83455547	83525864	19	1
chr8	68054390	68124349	13	1
chr8	21655766	21723510	12	1
chr8	18883846	18951113	10	1
chr8	7257576	7322984	10	1
chr8	105613387	105678078	21	1
chr8	18475422	18538870	14	1
chr8	19457556	19520522	12	1
chr8	38019397	38081606	22	1
chr8	27774314	27833625	14	1
chr8	69948842	70004323	10	1
chr8	104362207	104416733	17	1
chr8	69772037	69826240	15	1
chr8	110185300	110239148	13	1
chr8	88480596	88534417	11	1
chr8	37796362	37849951	10	1
chr8	105780651	105831591	13	1
chr8	100558508	100609424	14	1
chr8	119050104	119099968	32	1
chr8	57904386	57953938	12	1
chr8	114040162	114089404	15	1
chr8	109854159	109902398	23	1
chr8	113429100	113477278	20	1
chr8	111490108	111538215	15	1
chr8	26687338	26735187	17	1
chr8	85017012	85064067	15	1
chr8	68259236	68305504	14	1
chr8	28258965	28304987	12	1
chr8	111773475	111819412	16	1
chr8	93695195	93740799	10	1
chr8	101655458	101701004	28	1
chr8	109021321	109066338	16	1
chr8	76357971	76402931	16	1
chr8	83231517	83276148	15	1
chr8	120420379	120464251	17	1
chr8	101802742	101845753	15	1
chr8	110994772	111037339	13	1
chr8	81990232	82032472	17	1
chr8	105973849	106015937	20	1
chr8	11214032	11254342	21	1
chr8	65628887	65668958	20	1
chr8	61739184	61777780	22	1
chr8	97265765	97303884	15	1
chr8	103007021	103045057	22	1
chr8	92644887	92682627	12	1
chr8	119279242	119316942	23	1
chr8	85026580	85064067	11	1
chr8	57746526	57783169	15	1
chr8	8097544	8134104	14	1
chr8	11739974	11776150	14	1
chr8	104576506	104612493	20	1
chr8	88892755	88928689	10	1
chr8	97024460	97060189	10	1
chr8	13493086	13528405	22	1
chr8	20208061	20242311	24	1
chr8	81620200	81654401	18	1
chr8	108828941	108863085	12	1
chr8	82356889	82390919	26	1
chr8	95245783	95279738	17	1
chr8	93099045	93132627	29	1
chr8	86210736	86244206	17	1
chr8	103159165	103192556	14	1
chr8	45344024	45377172	15	1
chr8	69313775	69346923	15	1
chr8	41141948	41174927	10	1
chr8	110136548	110169523	16	1
chr8	113831562	113864390	24	1
chr8	68768898	68801594	19	1
chr8	69207272	69239819	34	1
chr8	102878051	102910565	38	1
chr8	72664389	72696776	19	1
chr8	115441784	115474095	14	1
chr8	120368848	120400587	15	1
chr8	108483974	108515636	12	1
chr8	88824593	88856105	11	1
chr8	100732391	100763708	10	1
chr8	92773321	92804568	13	1
chr8	2519995	2551212	16	1
chr8	27677522	27708493	16	1
chr8	36671722	36702649	10	1
chr8	121090340	121121064	12	1
chr8	77681100	77711806	20	1
chr8	102213619	102244183	19	1
chr8	21796557	21827095	17	1
chr8	117399529	117429769	25	1
chr8	119000032	119030033	23	1
chr8	12213807	12243423	16	1
chr8	44393999	44423366	30	1
chr8	21839933	21868924	11	1
chr8	105541247	105570224	19	1
chr8	68452276	68481118	11	1
chr8	85807196	85835941	28	1
chr8	13091857	13120592	27	1
chr8	65276230	65304774	10	1
chr8	34724254	34752747	20	1
chr8	109242549	109271010	17	1
chr8	105575370	105603768	17	1
chr8	14004966	14032939	18	1
chr8	22778803	22806713	10	1
chr8	18719008	18746846	12	1
chr8	104259049	104286765	16	1
chr8	108106127	108133832	23	1
chr8	9225553	9253149	19	1
chr8	15872459	15899775	10	1
chr8	115653549	115680780	20	1
chr8	108700786	108727980	12	1
chr8	109336036	109363218	20	1
chr8	111828504	111855680	13	1
chr8	28588784	28615945	18	1
chr8	107921919	107948982	10	1
chr8	78379004	78405960	12	1
chr8	109822737	109849648	19	1
chr8	115043786	115070341	20	1
chr8	22780190	22806713	10	1
chr8	42166974	42193479	17	1
chr8	120779634	120806077	17	1
chr8	13465490	13491932	18	1
chr8	107417934	107444363	10	1
chr8	62069165	62095549	14	1
chr8	20313199	20339453	13	1
chr8	12044821	12070978	23	1
chr8	42378561	42404627	25	1
chr8	102078657	102104368	11	1
chr8	114842701	114868227	18	1
chr8	120314121	120339501	15	1
chr8	45405266	45430505	14	1
chr8	11858051	11883028	13	1
chr8	23157113	23181832	11	1
chr8	11938766	11963387	26	1
chr8	110257910	110282443	13	1
chr8	108544646	108568869	10	1
chr8	57954866	57978854	15	1
chr8	81620200	81644109	13	1
chr8	82477604	82501151	22	1
chr8	85665000	85688369	10	1
chr8	13228152	13251389	14	1
chr8	109116202	109139414	15	1
chr8	77731967	77755027	20	1
chr8	120811913	120834961	19	1
chr8	18258674	18281704	11	1
chr8	88760797	88783809	24	1
chr8	120129591	120152504	13	1
chr8	89702811	89725685	19	1
chr8	10174365	10197024	35	1
chr8	63281184	63303378	20	1
chr8	112884878	112906797	19	1
chr8	42405303	42427208	25	1
chr8	45194165	45215645	15	1
chr8	40273283	40294728	13	1
chr8	72074902	72096314	38	1
chr8	62202966	62224309	22	1
chr8	68423514	68444731	12	1
chr8	88791905	88813108	21	1
chr8	57788088	57809214	13	1
chr8	6090164	6111217	14	1
chr8	45714578	45735553	25	1
chr8	88618959	88639780	10	1
chr8	34351121	34371922	14	1
chr8	79386729	79407163	18	1
chr8	83184475	83204851	22	1
chr8	88577264	88597531	28	1
chr8	41101262	41121498	31	1
chr8	67685137	67705360	19	1
chr8	46491822	46511992	22	1
chr8	67374914	67394851	14	1
chr8	75431157	75451021	18	1
chr8	69413495	69433257	13	1
chr8	6344764	6364338	15	1
chr8	65726532	65746062	22	1
chr8	34417297	34436785	22	1
chr8	109753562	109773005	13	1
chr8	119121985	119141381	32	1
chr8	77863201	77882559	26	1
chr8	112421305	112440625	18	1
chr8	60983466	61002771	16	1
chr8	11776630	11795794	12	1
chr8	108043928	108063025	36	1
chr8	77969598	77988565	16	1
chr8	81703020	81721658	18	1
chr8	15376365	15394922	19	1
chr8	89400038	89418580	18	1
chr8	75919303	75937722	19	1
chr8	34765163	34783484	17	1
chr8	117452960	117471269	22	1
chr8	18104252	18122293	11	1
chr8	19530937	19548951	18	1
chr8	121151402	121169394	28	1
chr8	97129732	97147575	11	1
chr8	1680523	1698358	11	1
chr8	36793863	36811605	10	1
chr8	13660729	13678423	19	1
chr8	41548955	41566481	11	1
chr8	19007076	19024395	20	1
chr8	57005487	57022581	26	1
chr8	88449136	88466225	10	1
chr8	74254827	74271896	18	1
chr8	113373114	113390176	14	1
chr8	94410065	94427076	29	1
chr8	16612773	16629764	18	1
chr8	77333777	77350731	13	1
chr8	64386084	64402954	23	1
chr8	88623097	88639780	13	1
chr8	16897259	16913938	17	1
chr8	85840034	85856653	23	1
chr8	21333233	21349604	10	1
chr8	5517359	5533705	11	1
chr8	76406896	76422905	16	1
chr8	72747103	72763095	20	1
chr8	76638139	76654103	34	1
chr8	61802144	61818086	10	1
chr8	41123479	41139399	22	1
chr8	24137535	24153431	12	1
chr8	69183020	69198819	12	1
chr8	72727496	72742974	18	1
chr8	38377790	38393178	29	1
chr8	79351698	79366941	10	1
chr8	86266387	86281388	16	1
chr8	84052858	84067818	16	1
chr8	35098959	35113890	23	1
chr8	55560166	55575017	38	1
chr8	110063656	110078502	12	1
chr8	96157223	96172039	21	1
chr8	57410153	57424930	14	1
chr8	16951075	16965721	16	1
chr8	77797318	77811947	15	1
chr8	105110532	105125092	16	1
chr8	63195356	63209899	20	1
chr8	109312877	109327399	31	1
chr8	45769106	45783627	22	1
chr8	76194877	76209324	13	1
chr8	105303541	105317945	12	1
chr8	42104830	42119134	13	1
chr8	88875858	88889992	13	1
chr8	64167747	64181844	13	1
chr8	37866581	37880652	13	1
chr8	120293257	120307249	18	1
chr8	3070798	3084779	11	1
chr8	108263979	108277959	21	1
chr8	16449199	16463175	31	1
chr8	57212521	57226479	32	1
chr8	64014013	64027963	15	1
chr8	73911456	73925393	22	1
chr8	78635144	78649066	21	1
chr8	45971300	45985191	13	1
chr8	65177507	65191372	28	1
chr8	2208014	2221840	27	1
chr8	16640392	16654218	19	1
chr8	86289937	86303721	14	1
chr8	4768962	4782725	23	1
chr8	16733956	16747692	36	1
chr8	11839801	11853523	13	1
chr8	14792032	14805752	20	1
chr8	119199392	119213103	14	1
chr8	13646679	13660379	11	1
chr8	45230809	45244463	22	1
chr8	101741305	101754933	23	1
chr8	118985685	118999307	27	1
chr8	107215552	107229157	19	1
chr8	46427253	46440800	18	1
chr8	86010228	86023734	11	1
chr8	107196081	107209557	16	1
chr8	109522600	109536005	15	1
chr8	38278364	38291768	16	1
chr8	57448363	57461761	11	1
chr8	67708027	67721425	28	1
chr8	23202003	23215341	21	1
chr8	102194211	102207536	12	1
chr8	38831670	38844823	10	1
chr8	895380	908425	10	1
chr8	75840815	75853856	16	1
chr8	109705382	109718408	16	1
chr8	111759369	111772362	12	1
chr8	101458366	101471305	23	1
chr8	28218518	28231452	11	1
chr8	22528181	22541001	12	1
chr8	81588920	81601708	23	1
chr8	54750877	54763637	17	1
chr8	26118316	26131006	15	1
chr8	78164956	78177597	31	1
chr8	63907753	63920342	35	1
chr8	56983817	56996392	10	1
chr8	78705297	78717791	23	1
chr8	10631127	10643570	12	1
chr8	38086572	38098942	23	1
chr8	100173604	100185954	35	1
chr8	13078069	13090377	18	1
chr8	92815442	92827726	10	1
chr8	5693768	5706051	13	1
chr8	479862	492115	14	1
chr8	86362078	86374196	22	1
chr8	94068073	94080167	27	1
chr8	19958288	19970327	20	1
chr8	44821154	44833188	13	1
chr8	44604092	44616100	13	1
chr8	77353438	77365431	19	1
chr8	98873074	98885017	16	1
chr8	57389385	57401326	12	1
chr8	79069841	79081774	19	1
chr8	115476527	115488441	12	1
chr8	75126263	75138166	15	1
chr8	111732688	111744574	17	1
chr8	55621664	55633545	14	1
chr8	36984151	36996030	36	1
chr8	49286442	49298286	22	1
chr8	34919321	34931142	10	1
chr8	36940980	36952764	21	1
chr8	70630135	70641902	10	1
chr8	11038749	11050510	21	1
chr8	116979259	116990967	10	1
chr8	94993917	95005616	25	1
chr8	63045538	63057232	25	1
chr8	5549136	5560826	11	1
chr8	120471567	120483223	14	1
chr8	53455338	53466982	16	1
chr8	66586580	66598213	24	1
chr8	86600862	86612485	16	1
chr8	108389333	108400921	13	1
chr8	41022371	41033945	32	1
chr8	69377408	69388982	23	1
chr8	98225348	98236908	25	1
chr8	86619561	86631109	23	1
chr8	33652055	33663530	14	1
chr8	105134240	105145681	21	1
chr8	93143975	93155400	31	1
chr8	101532523	101543934	34	1
chr8	34951143	34962526	21	1
chr8	78750759	78762126	10	1
chr8	77910580	77921911	13	1
chr8	76620284	76631585	29	1
chr8	106706813	106718107	30	1
chr8	113017562	113028842	10	1
chr8	74230387	74241644	22	1
chr8	28461891	28473143	14	1
chr8	82041421	82052610	22	1
chr8	97528244	97539433	21	1
chr8	93660214	93671399	15	1
chr8	57236576	57247710	27	1
chr8	76135607	76146661	18	1
chr8	72638286	72649329	12	1
chr8	88703314	88714270	15	1
chr8	10472598	10483506	26	1
chr8	111235101	111246009	15	1
chr8	24840642	24851544	32	1
chr8	36537135	36547811	12	1
chr8	148050625	148061294	12	1
chr8	70257227	70267892	17	1
chr8	65306204	65316773	10	1
chr8	88542871	88553419	18	1
chr8	113004369	113014842	13	1
chr8	29418912	29429365	23	1
chr8	92817304	92827725	11	1
chr8	98988154	98998551	26	1
chr8	115682165	115692544	13	1
chr8	111040964	111051229	21	1
chr8	37472633	37482878	10	1
chr8	72650311	72660524	19	1
chr8	20410845	20421053	17	1
chr8	85450143	85460350	13	1
chr8	71916381	71926561	21	1
chr8	47771861	47782033	15	1
chr8	93022175	93032343	14	1
chr8	85857891	85868051	24	1
chr8	72769845	72779979	20	1
chr8	56790106	56800202	11	1
chr8	10460828	10470921	33	1
chr8	81644308	81654401	13	1
chr8	37500652	37510666	34	1
chr8	65954845	65964836	19	1
chr8	3534650	3544613	12	1
chr8	93326237	93336185	21	1
chr8	97189996	97199858	17	1
chr8	81559294	81569092	24	1
chr8	120408107	120417888	10	1
chr8	52080138	52089895	16	1
chr8	29339057	29348779	28	1
chr8	111952710	111962423	31	1
chr8	80010609	80020274	11	1
chr8	46593976	46603619	11	1
chr8	72062705	72072340	39	1
chr8	98653140	98662774	15	1
chr8	60317631	60327258	20	1
chr8	118325940	118335547	17	1
chr8	87825712	87835312	15	1
chr8	107626176	107635774	11	1
chr8	1670577	1680161	12	1
chr8	85765421	85774991	12	1
chr8	104203060	104212629	10	1
chr8	93684974	93694539	10	1
chr8	76476984	76486548	29	1
chr8	113767009	113776565	16	1
chr8	101881779	101891334	13	1
chr8	76432228	76441781	23	1
chr8	96062573	96072124	20	1
chr8	98039904	98049454	10	1
chr8	96252604	96262149	26	1
chr8	37635352	37644895	23	1
chr8	38899464	38909006	23	1
chr8	34698881	34708422	17	1
chr8	89498457	89507993	34	1
chr8	73663017	73672548	31	1
chr8	15647587	15657117	12	1
chr8	77397122	77406647	35	1
chr8	71472685	71482206	19	1
chr8	32311813	32321333	23	1
chr8	44429683	44439203	21	1
chr8	5021434	5030952	19	1
chr8	11918702	11928216	13	1
chr8	96369637	96379148	23	1
chr8	99020699	99030208	18	1
chr8	179175426	179184934	12	1
chr8	89357155	89366662	19	1
chr8	37852629	37862132	20	1
chr8	118421414	118430917	29	1
chr8	36245826	36255320	15	1
chr8	103092916	103102409	23	1
chr8	102996828	103006317	17	1
chr8	62833651	62843139	11	1
chr8	64205388	64214866	22	1
chr8	110419425	110428890	10	1
chr8	79261225	79270682	24	1
chr8	93168224	93177672	27	1
chr8	119110977	119120415	28	1
chr8	21869383	21878820	12	1
chr8	71616212	71625649	22	1
chr8	26162268	26171696	21	1
chr8	57140663	57150088	24	1
chr8	72715968	72725389	18	1
chr8	42040859	42050272	17	1
chr8	70114353	70123764	18	1
chr8	93672579	93681988	17	1
chr8	20293302	20302710	27	1
chr8	85017011	85026418	10	1
chr8	85597940	85607347	35	1
chr8	109725540	109734938	10	1
chr8	104474492	104483878	33	1
chr8	456416	465799	19	1
chr8	65222538	65231908	13	1
chr8	85417796	85427153	24	1
chr8	120279835	120289179	18	1
chr8	80710945	80720283	11	1
chr8	34784846	34794159	16	1
chr8	64122276	64131588	15	1
chr8	101785580	101794887	19	1
chr8	18462913	18472205	22	1
chr8	73945173	73954420	22	1
chr8	110407322	110416563	13	1
chr8	57282041	57291281	18	1
chr8	16987604	16996839	12	1
chr8	76516778	76526008	16	1
chr8	27563553	27572771	22	1
chr8	69842537	69851754	17	1
chr8	56895584	56904794	20	1
chr8	44761356	44770533	22	1
chr8	86798101	86807273	28	1
chr8	100952345	100961507	11	1
chr8	52141389	52150542	37	1
chr8	110881112	110890262	21	1
chr8	85781779	85790913	17	1
chr8	34524462	34533585	10	1
chr8	25793322	25802439	24	1
chr8	61783587	61792698	23	1
chr8	111879594	111888678	15	1
chr8	71889932	71899007	17	1
chr8	96534121	96543163	13	1
chr8	77511403	77520440	25	1
chr8	102916749	102925775	37	1
chr8	57042357	57051381	13	1
chr8	25803581	25812600	25	1
chr8	36871904	36880921	13	1
chr8	94433063	94442075	30	1
chr8	39323581	39332590	17	1
chr8	85503652	85512650	33	1
chr8	113148101	113157098	17	1
chr8	69153861	69162853	11	1
chr8	76164488	76173474	12	1
chr8	108147829	108156807	12	1
chr8	105351656	105360628	21	1
chr8	71346984	71355951	17	1
chr8	105097072	105106036	14	1
chr8	41287929	41296890	14	1
chr8	24777831	24786791	14	1
chr8	120266052	120275012	19	1
chr8	96917563	96926519	11	1
chr8	37175020	37183974	24	1
chr8	34808934	34817886	23	1
chr8	62957151	62966103	37	1
chr8	76609942	76618893	27	1
chr8	102956376	102965326	20	1
chr8	36446255	36455196	25	1
chr8	71904793	71913734	17	1
chr8	101178762	101187699	17	1
chr8	71422903	71431838	28	1
chr8	71310182	71319115	26	1
chr8	77823981	77832907	12	1
chr8	96565797	96574722	17	1
chr8	5678165	5687088	10	1
chr8	39030602	39039524	11	1
chr8	38424493	38433411	12	1
chr8	29793984	29802897	21	1
chr8	69935340	69944245	13	1
chr8	118574098	118583000	27	1
chr8	39044899	39053798	21	1
chr8	89382761	89391650	28	1
chr8	73419068	73427940	17	1
chr8	117438320	117447185	30	1
chr8	64078468	64087322	12	1
chr8	3282443	3291292	20	1
chr8	117346288	117355131	10	1
chr8	26914866	26923669	36	1
chr8	24739344	24748137	14	1
chr8	107909453	107918239	11	1
chr8	37489521	37498287	27	1
chr8	76334402	76343167	11	1
chr8	65530739	65539495	20	1
chr8	71758636	71767352	26	1
chr8	41986364	41995074	15	1
chr8	11395418	11404116	50	1
chr8	86246445	86255143	21	1
chr8	20340835	20349525	13	1
chr8	108072943	108081632	26	1
chr8	57874278	57882956	14	1
chr8	76178585	76187201	12	1
chr8	37110673	37119260	23	1
chr8	117476475	117485045	14	1
chr8	82055357	82063915	21	1
chr8	109196284	109204842	24	1
chr8	57365160	57373699	23	1
chr8	71706272	71714810	16	1
chr8	34548300	34556782	31	1
chr8	79307476	79315941	25	1
chr8	34939395	34947837	20	1
chr8	84116043	84124475	44	1
chr8	62166318	62174690	11	1
chr8	18871725	18880061	17	1
chr8	114773758	114782065	28	1
chr8	102936281	102944575	21	1
chr8	112168974	112177263	38	1
chr8	34268780	34277043	12	1
chr8	14381975	14390229	12	1
chr8	86399550	86407795	10	1
chr8	113338609	113346832	14	1
chr8	20026790	20034990	31	1
chr8	104465811	104474006	37	1
chr8	50841684	50849874	32	1
chr8	79034995	79043150	27	1
chr8	119030530	119038667	28	1
chr8	79408295	79416363	18	1
chr8	37944356	37952423	14	1
chr8	41865842	41873886	16	1
chr8	102344334	102352378	12	1
chr8	56418312	56426345	14	1
chr8	66913115	66921133	14	1
chr8	108420063	108428038	19	1
chr8	64039703	64047649	22	1
chr8	69183021	69190948	16	1
chr8	44746995	44754917	16	1
chr8	78185297	78193186	34	1
chr8	56918749	56926593	26	1
chr8	21350058	21357878	13	1
chr8	57076180	57083999	16	1
chr8	54423503	54431308	21	1
chr8	107546719	107554523	14	1
chr8	62432427	62440225	31	1
chr8	16717794	16725591	26	1
chr8	30814739	30822533	12	1
chr8	6303769	6311561	13	1
chr8	110175148	110182910	22	1
chr8	41060033	41067790	20	1
chr8	37160934	37168646	20	1
chr8	96391443	96399133	25	1
chr8	36654650	36662324	11	1
chr8	34630713	34638382	13	1
chr8	45534496	45542089	27	1
chr8	69191228	69198818	14	1
chr8	49916465	49924044	15	1
chr8	50725235	50732813	16	1
chr8	50220333	50227910	23	1
chr8	52263322	52270899	11	1
chr8	50827682	50835258	38	1
chr8	51321852	51329428	18	1
chr8	51469213	51476789	13	1
chr8	50922519	50930093	11	1
chr8	51534293	51541866	32	1
chr8	52505693	52513266	13	1
chr8	50789539	50797111	16	1
chr8	51575601	51583172	17	1
chr8	51259192	51266762	24	1
chr8	52040270	52047840	27	1
chr8	49864667	49872236	14	1
chr8	50356542	50364111	28	1
chr8	50700053	50707622	38	1
chr8	50864241	50871809	22	1
chr8	99347344	99354879	27	1
chr8	50768942	50776471	35	1
chr8	56882867	56890385	20	1
chr8	58544262	58551774	16	1
chr8	65783995	65791507	18	1
chr8	43443613	43451123	26	1
chr8	96178953	96186460	35	1
chr8	32289799	32297257	25	1
chr8	62398743	62406199	29	1
chr8	78955027	78962479	17	1
chr8	75858484	75865922	23	1
chr8	3407382	3414809	13	1
chr8	44333358	44340776	34	1
chr8	52991503	52998920	14	1
chr8	20077206	20084622	11	1
chr8	52727761	52735171	40	1
chr8	52783146	52790553	17	1
chr8	62824651	62832055	24	1
chr8	62978951	62986355	29	1
chr8	85437893	85445291	13	1
chr8	79992735	80000131	18	1
chr8	46445439	46452829	17	1
chr8	24367000	24374384	15	1
chr8	36640489	36647872	21	1
chr8	14370496	14377877	17	1
chr8	59668497	59675877	10	1
chr8	106479243	106486617	24	1
chr8	60949443	60956816	13	1
chr8	64807570	64814942	19	1
chr8	41717500	41724870	16	1
chr8	54966839	54974208	27	1
chr8	50746644	50754012	20	1
chr8	88725090	88732458	22	1
chr8	44909396	44916763	21	1
chr8	94318920	94326286	18	1
chr8	44343933	44351296	26	1
chr8	38124292	38131654	18	1
chr8	95665643	95673002	18	1
chr8	63887360	63894715	13	1
chr8	62600439	62607793	27	1
chr8	117686768	117694122	11	1
chr8	47431649	47438973	11	1
chr8	117511958	117519267	15	1
chr8	77282400	77289699	15	1
chr8	108404083	108411372	13	1
chr8	69828954	69836240	18	1
chr8	119267517	119274799	25	1
chr8	24791089	24798363	31	1
chr8	37560290	37567543	31	1
chr8	40377958	40385194	28	1
chr8	27667133	27674368	20	1
chr8	42370424	42377607	26	1
chr8	28241893	28249050	12	1
chr8	17733529	17740655	19	1
chr8	38402152	38409248	23	1
chr8	22515774	22522847	15	1
chr8	101647501	101654562	23	1
chr8	71691749	71698804	11	1
chr8	59341168	59348205	16	1
chr8	103464531	103471535	34	1
chr8	110799020	110805981	23	1
chr8	109697973	109704892	14	1
chr8	42084046	42090944	13	1
chr8	44228735	44235614	31	1
chr8	36479007	36485879	13	1
chr8	51598443	51605308	15	1
chr8	79645779	79652643	27	1
chr8	50930369	50937221	11	1
chr8	36261133	36267982	22	1
chr8	56639130	56645959	20	1
chr8	65771026	65777845	14	1
chr8	1469700	1476486	18	1
chr8	50018831	50025617	13	1
chr8	45926894	45933678	12	1
chr8	13125652	13132431	24	1
chr8	65424294	65431065	25	1
chr8	35015235	35021951	23	1
chr8	37009063	37015734	15	1
chr8	19069105	19075761	25	1
chr8	37017473	37023962	23	1
chr8	76576536	76583023	29	1
chr8	69304970	69311448	17	1
chr8	23289523	23295976	10	1
chr8	92916624	92923077	22	1
chr8	40252820	40259265	27	1
chr8	64978916	64985336	31	1
chr8	71552625	71559044	11	1
chr8	74900287	74906626	28	1
chr8	121027774	121034106	14	1
chr8	13192783	13199097	19	1
chr8	36954945	36961237	21	1
chr8	18540187	18546472	13	1
chr8	4637447	4643657	11	1
chr8	75406679	75412825	10	1
chr8	108441985	108448113	36	1
chr8	93651781	93657878	25	1
chr8	83651915	83657933	15	1
chr8	67396007	67401995	26	1
chr8	80793988	80799970	19	1
chr8	64895675	64901647	22	1
chr8	93159071	93165003	27	1
chr8	44303318	44309185	12	1
chr8	57440398	57446246	20	1
chr8	6377313	6383138	12	1
chr8	13184652	13190468	26	1
chr8	69398951	69404755	16	1
chr8	40740090	40745763	13	1
chr8	114868660	114874327	15	1
chr8	45614839	45620492	13	1
chr8	16726714	16732352	34	1
chr8	92832732	92838353	11	1
chr8	26156353	26161957	22	1
chr8	86812666	86818235	36	1
chr8	82341100	82346641	14	1
chr8	19523190	19528714	15	1
chr8	63034737	63040203	19	1
chr8	85586195	85591608	30	1
chr8	97180904	97186310	14	1
chr8	17455192	17460582	12	1
chr8	77720722	77726079	35	1
chr8	67537241	67542557	12	1
chr8	85381770	85387059	27	1
chr8	99051053	99056332	16	1
chr8	105848366	105853642	22	1
chr8	7247408	7252662	18	1
chr8	5738999	5744249	14	1
chr8	14159096	14164333	14	1
chr8	18832227	18837442	22	1
chr8	18993542	18998729	13	1
chr8	28579483	28584666	15	1
chr8	63820671	63825797	27	1
chr8	117771800	117776921	36	1
chr8	45249717	45254796	27	1
chr8	101131376	101136447	19	1
chr8	119251629	119256690	20	1
chr8	44511253	44516285	18	1
chr8	96379755	96384722	24	1
chr8	81862298	81867261	10	1
chr8	78685486	78690444	10	1
chr8	76230630	76235552	19	1
chr8	97521881	97526715	21	1
chr8	73410725	73415531	15	1
chr8	92810041	92814846	22	1
chr8	16890787	16895504	22	1
chr8	14432892	14437603	10	1
chr8	107234658	107239278	13	1
chr8	37228827	37233416	29	1
chr8	121027774	121032352	14	1
chr8	11309755	11314299	18	1
chr8	77899706	77904237	11	1
chr8	101140081	101144565	25	1
chr8	18749133	18753579	11	1
chr8	117540212	117544656	10	1
chr8	68308058	68312445	10	1
chr8	18861461	18865776	24	1
chr8	88605816	88610126	32	1
chr8	21504059	21508354	12	1
chr8	468596	472888	13	1
chr8	34932043	34936318	13	1
chr8	73936287	73940561	22	1
chr8	39526689	39530870	18	1
chr8	97011095	97015215	20	1
chr8	108731022	108735056	10	1
chr8	71360541	71364569	15	1
chr8	93213569	93217592	15	1
chr8	93340978	93344988	13	1
chr9	26091408	26172872	12	1
chr9	142398318	142472119	12	1
chr9	141402197	141471685	11	1
chr9	134292512	134359843	11	1
chr9	145540726	145600944	16	1
chr9	26907499	26967377	11	1
chr9	18183226	18233497	12	1
chr9	137446075	137491155	17	1
chr9	143586438	143630092	15	1
chr9	97606741	97650063	13	1
chr9	66600087	66642396	16	1
chr9	15057614	15098431	10	1
chr9	141821202	141858889	16	1
chr9	20405183	20442827	15	1
chr9	124253096	124289544	10	1
chr9	128216020	128251358	18	1
chr9	92315480	92349610	17	1
chr9	98745091	98778044	10	1
chr9	17942416	17975173	12	1
chr9	87126215	87157826	10	1
chr9	140741137	140771977	15	1
chr9	150873015	150903510	11	1
chr9	96091943	96121219	10	1
chr9	120308905	120335661	14	1
chr9	135324655	135351351	12	1
chr9	152257568	152283212	16	1
chr9	152691464	152717095	10	1
chr9	114091071	114116586	10	1
chr9	116599906	116623895	16	1
chr9	16051271	16075226	14	1
chr9	151009849	151033283	13	1
chr9	151034719	151056970	11	1
chr9	31268438	31289453	11	1
chr9	134264340	134284832	13	1
chr9	82328180	82347238	13	1
chr9	140119995	140138344	11	1
chr9	152525585	152543834	16	1
chr9	34017957	34036056	17	1
chr9	31054412	31071951	15	1
chr9	133887064	133903733	16	1
chr9	29290996	29306387	15	1
chr9	85990091	86005370	10	1
chr9	26990631	27005694	10	1
chr9	121466353	121481301	17	1
chr9	98875309	98889531	16	1
chr9	144863089	144877305	18	1
chr9	64635522	64649494	12	1
chr9	86428632	86442591	11	1
chr9	103741576	103755373	11	1
chr9	134195089	134208751	13	1
chr9	65562986	65576621	15	1
chr9	96911019	96924433	18	1
chr9	98701409	98714741	10	1
chr9	114065371	114078613	10	1
chr9	146356005	146369055	28	1
chr9	100343450	100356087	25	1
chr9	18665487	18677743	13	1
chr9	95368009	95380073	17	1
chr9	130603345	130615333	11	1
chr9	71560990	71572963	18	1
chr9	96897880	96909739	14	1
chr9	5535869	5547690	15	1
chr9	69331455	69343267	15	1
chr9	52471191	52482983	10	1
chr9	70445492	70457226	12	1
chr9	125029110	125040822	10	1
chr9	82311484	82323159	15	1
chr9	121147205	121158771	11	1
chr9	69414427	69425880	17	1
chr9	83381916	83393359	20	1
chr9	92775976	92787053	13	1
chr9	35308676	35319029	17	1
chr9	35089764	35099756	12	1
chr9	47682893	47692775	13	1
chr9	15215248	15224985	11	1
chr9	113784681	113794370	14	1
chr9	85206886	85216459	16	1
chr9	51145734	51155293	16	1
chr9	83988488	83997983	11	1
chr9	19372450	19381889	10	1
chr9	66421941	66431363	10	1
chr9	25125037	25134452	12	1
chr9	83187406	83196820	15	1
chr9	65672559	65681957	17	1
chr9	28818600	28827980	13	1
chr9	146553452	146562795	11	1
chr9	130617985	130627321	10	1
chr9	142088753	142098050	10	1
chr9	51932161	51941382	17	1
chr9	151674875	151684041	20	1
chr9	114080089	114089168	10	1
chr9	31931124	31940199	22	1
chr9	28256951	28265960	18	1
chr9	17420224	17429227	21	1
chr9	92893923	92902914	12	1
chr9	137641681	137650647	12	1
chr9	34754243	34763181	16	1
chr9	124389531	124398382	19	1
chr9	90447096	90455871	18	1
chr9	11928641	11937313	18	1
chr9	29345795	29354038	19	1
chr9	120959653	120967886	14	1
chr9	90456745	90464911	16	1
chr9	101595724	101603676	10	1
chr9	137627828	137635768	13	1
chr9	66642971	66650895	17	1
chr9	73304950	73312761	10	1
chr9	55038046	55045611	18	1
chr9	16137868	16145399	14	1
chr9	57851828	57859346	18	1
chr9	128252969	128260480	21	1
chr9	82854502	82861955	14	1
chr9	66409566	66417005	16	1
chr9	97364347	97371781	19	1
chr9	133636585	133644019	16	1
chr9	140541424	140548851	23	1
chr9	127070319	127077725	10	1
chr9	51539275	51546679	30	1
chr9	37249376	37256722	17	1
chr9	48995975	49003020	15	1
chr9	23163836	23170768	14	1
chr9	77154209	77161101	17	1
chr9	51368997	51375318	18	1
chr9	108926504	108932611	32	1
chr9	99495874	99501916	12	1
chr9	121681258	121687298	14	1
chr9	151252235	151258133	14	1
chr9	113777385	113783278	17	1
chr9	64652029	64657865	13	1
chr9	85828597	85834433	25	1
chr9	127183508	127188878	11	1
chr9	102509364	102514674	18	1
chr9	14568886	14574006	21	1
chr9	13781545	13786447	12	1
chr9	133197813	133202609	11	1
chr9	145686593	145691037	13	1
chr9	20252456	20256880	10	1
chr9	126929207	126933555	17	1
chr10	2865816	3449593	10	1
chr10	131308067	131394643	15	1
chr10	70190284	70258879	10	1
chr10	126537116	126600568	18	1
chr10	47679830	47737137	11	1
chr10	45796533	45853437	17	1
chr10	42189828	42243100	23	1
chr10	64694711	64742743	13	1
chr10	40156006	40196694	26	1
chr10	78415587	78454474	17	1
chr10	111828643	111866037	10	1
chr10	94689163	94726025	36	1
chr10	45647157	45683683	11	1
chr10	79371546	79407112	12	1
chr10	66314564	66348608	20	1
chr10	120508008	120541370	11	1
chr10	54645843	54678136	10	1
chr10	34282751	34314966	13	1
chr10	129065504	129097035	10	1
chr10	66071127	66101214	17	1
chr10	48534217	48563899	12	1
chr10	47884450	47913378	15	1
chr10	50653232	50681766	12	1
chr10	95593939	95621569	27	1
chr10	87495374	87522661	20	1
chr10	87842708	87869850	16	1
chr10	36459165	36485664	16	1
chr10	55546102	55571815	13	1
chr10	76136176	76161411	20	1
chr10	91990788	92015852	13	1
chr10	111464222	111489178	14	1
chr10	48793762	48818091	17	1
chr10	56277315	56301626	14	1
chr10	39243363	39266786	13	1
chr10	76170055	76193389	10	1
chr10	115870100	115893400	12	1
chr10	91336200	91359360	11	1
chr10	36915983	36939136	15	1
chr10	66896424	66919511	33	1
chr10	64016837	64039208	13	1
chr10	117875978	117898059	11	1
chr10	65390609	65412210	14	1
chr10	116660069	116681613	21	1
chr10	111124773	111146284	14	1
chr10	62120677	62141861	10	1
chr10	96044361	96065315	11	1
chr10	43780515	43801113	18	1
chr10	54464669	54485149	13	1
chr10	40201114	40221509	28	1
chr10	115895852	115916039	14	1
chr10	35317216	35336286	13	1
chr10	95910504	95929322	14	1
chr10	79846091	79864649	12	1
chr10	64325728	64344245	15	1
chr10	116933490	116951983	16	1
chr10	88211945	88230286	10	1
chr10	55526401	55544311	12	1
chr10	79411412	79428936	10	1
chr10	39086996	39104403	22	1
chr10	35928219	35945547	20	1
chr10	64200281	64217523	11	1
chr10	81316620	81333715	17	1
chr10	114066811	114083561	11	1
chr10	97226242	97242909	12	1
chr10	130056477	130072636	16	1
chr10	50735994	50751212	13	1
chr10	43836764	43851781	11	1
chr10	46279777	46294778	12	1
chr10	48637400	48652380	27	1
chr10	41488492	41503468	12	1
chr10	47601505	47615921	27	1
chr10	53082323	53096699	13	1
chr10	121851269	121865621	11	1
chr10	48831261	48845423	17	1
chr10	125596498	125610644	28	1
chr10	73863569	73877561	12	1
chr10	83541955	83555869	13	1
chr10	114139049	114152933	12	1
chr10	63625434	63639271	19	1
chr10	58288686	58302494	11	1
chr10	78200994	78214755	28	1
chr10	72811944	72825679	14	1
chr10	51269180	51282774	16	1
chr10	64001131	64014586	16	1
chr10	65733322	65746715	13	1
chr10	131502098	131515012	11	1
chr10	122808466	122821296	16	1
chr10	72438099	72450925	23	1
chr10	112172495	112185231	12	1
chr10	73514977	73527646	22	1
chr10	74837046	74849567	23	1
chr10	47208236	47220650	19	1
chr10	48776981	48789353	24	1
chr10	36946852	36959110	12	1
chr10	93925467	93937632	13	1
chr10	47303772	47315918	14	1
chr10	94728004	94740145	31	1
chr10	87824542	87836641	17	1
chr10	72768150	72780176	15	1
chr10	50246548	50258492	12	1
chr10	36443565	36455463	16	1
chr10	91849197	91861041	15	1
chr10	77160461	77172223	20	1
chr10	58235345	58247106	14	1
chr10	114023325	114035050	19	1
chr10	89317580	89329250	11	1
chr10	44581369	44593038	14	1
chr10	40797853	40809494	21	1
chr10	63068126	63079733	10	1
chr10	43537197	43548778	12	1
chr10	48974887	48986464	16	1
chr10	47420584	47432134	34	1
chr10	115177654	115189180	10	1
chr10	66248226	66259721	17	1
chr10	95653052	95664465	13	1
chr10	68558264	68569600	13	1
chr10	120233105	120244354	16	1
chr10	120864087	120875287	12	1
chr10	115232971	115243834	14	1
chr10	84359763	84370452	19	1
chr10	70503179	70513656	30	1
chr10	63550354	63560795	10	1
chr10	47807458	47817825	20	1
chr10	47032781	47043125	12	1
chr10	80884738	80894663	29	1
chr10	121072343	121082262	16	1
chr10	36493432	36503324	14	1
chr10	123169636	123179397	18	1
chr10	79232941	79242579	11	1
chr10	44072231	44081839	11	1
chr10	54535375	54544949	28	1
chr10	48914416	48923983	20	1
chr10	49671062	49680611	16	1
chr10	73003003	73012551	28	1
chr10	99860008	99869552	12	1
chr10	49105450	49114988	15	1
chr10	96901339	96910867	18	1
chr10	122622288	122631816	11	1
chr10	129928355	129937876	11	1
chr10	126913754	126923268	20	1
chr10	112992051	113001559	14	1
chr10	111454173	111463654	16	1
chr10	55513136	55522599	12	1
chr10	127680478	127689930	12	1
chr10	63271671	63281112	23	1
chr10	36689930	36699370	11	1
chr10	40678021	40687458	13	1
chr10	58307296	58316719	17	1
chr10	46869944	46879359	12	1
chr10	62990107	62999498	16	1
chr10	84348056	84357439	12	1
chr10	43190049	43199430	12	1
chr10	64382402	64391781	12	1
chr10	47081939	47091315	14	1
chr10	63021171	63030535	18	1
chr10	87129667	87139012	11	1
chr10	63120299	63129615	15	1
chr10	83905109	83914405	12	1
chr10	95750353	95759575	10	1
chr10	56395189	56404394	25	1
chr10	52078413	52087606	16	1
chr10	78707759	78716847	14	1
chr10	101768643	101777629	20	1
chr10	33056557	33065540	15	1
chr10	120992653	121001635	20	1
chr10	106457150	106466117	11	1
chr10	89374833	89383787	10	1
chr10	68573877	68582819	15	1
chr10	127695760	127704698	18	1
chr10	68706818	68715704	17	1
chr10	83998535	84007418	12	1
chr10	130724454	130733277	17	1
chr10	87985347	87994122	18	1
chr10	45726881	45735649	13	1
chr10	81566382	81575071	18	1
chr10	56867821	56876315	17	1
chr10	112189912	112198152	10	1
chr10	50787055	50795143	20	1
chr10	80761583	80769572	16	1
chr10	61917748	61925662	19	1
chr10	45309512	45317343	19	1
chr10	34961861	34969676	25	1
chr10	55133055	55140854	15	1
chr10	62919562	62927340	13	1
chr10	62292419	62300094	25	1
chr10	116921025	116928677	18	1
chr10	52627635	52635198	12	1
chr10	65232674	65240152	16	1
chr10	50778393	50785859	18	1
chr10	83103755	83111200	17	1
chr10	97463861	97471299	15	1
chr10	45061747	45069173	14	1
chr10	39636501	39643916	18	1
chr10	54877330	54884727	14	1
chr10	61518928	61526317	12	1
chr10	33414412	33421794	14	1
chr10	41043890	41051265	11	1
chr10	41051574	41058944	10	1
chr10	68637218	68644582	21	1
chr10	48082534	48089888	15	1
chr10	56840975	56848328	21	1
chr10	115039993	115047320	18	1
chr10	66602537	66609859	19	1
chr10	129383764	129391077	18	1
chr10	79432369	79439669	20	1
chr10	34951979	34959166	15	1
chr10	37851946	37859111	14	1
chr10	52433014	52440054	25	1
chr10	87639906	87646833	12	1
chr10	51393883	51400754	12	1
chr10	51569728	51576572	17	1
chr10	70481991	70488795	10	1
chr10	51875105	51881872	39	1
chr10	87962973	87969450	28	1
chr10	62271172	62277642	29	1
chr10	91835529	91841985	16	1
chr10	77710677	77716984	15	1
chr10	125006721	125012860	10	1
chr10	67791738	67797836	15	1
chr10	54998098	55004125	13	1
chr10	119982306	119988299	10	1
chr10	96950556	96955934	19	1
chr10	132000291	132005645	17	1
chr10	72804462	72809742	11	1
chr10	44168541	44173815	26	1
chr10	40476462	40481693	22	1
chr10	121065031	121070258	14	1
chr10	81527472	81532688	19	1
chr10	121776759	121781938	13	1
chr10	95182935	95188002	16	1
chr10	56268912	56273968	21	1
chr10	112922627	112927563	19	1
chr10	113318411	113323317	26	1
chr10	39388934	39393745	28	1
chr10	45639286	45644033	13	1
chr10	118919231	118923487	11	1
chr10	35952769	35956976	16	1
chr10	95359012	95363208	22	1
B73V4_ctg150	653678	698105	12	1
B73V4_ctg150	1401426	1424662	12	1
B73V4_ctg150	1260072	1274274	11	1
B73V4_ctg150	1491292	1504402	17	1
B73V4_ctg150	32521	45164	13	1
B73V4_ctg150	21403	30386	10	1
B73V4_ctg150	1281480	1288902	11	1
B73V4_ctg150	1534470	1539374	16	1
