chr_name	start	end	value
chr1	23602	23657	-1.35949
chr1	573535	574378	-1.42353
chr1	1533404	1534193	-1.03008
chr1	1715968	1717226	-1.77903
chr1	1843131	1843557	-1.1437
chr1	1938616	1939435	-2.5261
chr1	2233267	2233983	-1.12998
chr1	3556663	3556790	-1.67182
chr1	3557824	3557951	-1.2008
chr1	4133065	4135765	-1.50615
chr1	4426058	4426462	-2.3903
chr1	4559633	4559795	-1.45892
chr1	4736418	4736748	-1.10581
chr1	4896514	4896765	-1.58856
chr1	4913470	4914136	-1.14589
chr1	5093371	5093580	-1.05953
chr1	9348076	9348332	-1.05037
chr1	9566531	9567014	-2.60926
chr1	10150765	10151757	-1.19426
chr1	10266182	10266434	-0.992133
chr1	10313245	10314245	-1.42079
chr1	10857303	10858030	-1.66372
chr1	11143170	11143409	-1.25945
chr1	12930530	12931074	-1.36109
chr1	13032815	13033469	-1.62062
chr1	13321381	13321839	-1.20328
chr1	15974537	15975320	-1.08916
chr1	17737305	17737918	-1.52718
chr1	17826351	17826639	-1.01477
chr1	18309275	18309519	-1.07106
chr1	21717659	21717819	-1.20294
chr1	23376971	23377479	-1.0091
chr1	23452718	23453130	-1.23042
chr1	23887479	23887575	-1.13484
chr1	24874887	24875250	-1.40615
chr1	25566764	25566905	-1.19596
chr1	26008809	26009400	-1.28613
chr1	26641966	26642377	-1.89172
chr1	27289296	27289594	-1.18376
chr1	27318638	27319266	-1.77859
chr1	29829340	29829665	-1.73259
chr1	30002359	30002561	-1.84577
chr1	30248615	30249187	-1.02415
chr1	30661686	30662490	-1.18401
chr1	30663268	30663864	-1.43343
chr1	32324833	32325281	-1.09091
chr1	32327075	32327764	-1.40513
chr1	32353104	32353316	-1.0398
chr1	33174391	33175663	-1.16293
chr1	33453363	33454739	-1.87145
chr1	33594097	33594562	-1.24237
chr1	35751005	35751780	-1.01327
chr1	37338894	37338931	-0.994576
chr1	37493124	37493677	-1.12424
chr1	37505758	37505778	-1.28819
chr1	38076000	38076856	-1.94941
chr1	38997521	38998526	-1.24542
chr1	39590726	39591028	-1.06812
chr1	39744777	39745470	-1.39523
chr1	43348907	43349398	-1.63039
chr1	45728354	45729035	-0.995806
chr1	46926413	46926950	-1.00292
chr1	49180546	49180630	-1.65545
chr1	49661497	49662517	-0.992908
chr1	51156582	51157032	-1.20524
chr1	51161077	51161298	-1.20685
chr1	52307091	52307228	-1.14731
chr1	52849318	52850039	-1.62277
chr1	53396747	53397618	-1.04023
chr1	53397711	53398034	-1.22695
chr1	54403240	54403513	-1.80924
chr1	54410482	54410895	-1.22209
chr1	55258304	55260500	-1.06059
chr1	56817593	56818166	-1.42814
chr1	57457563	57459095	-1.86744
chr1	57487092	57487745	-1.84819
chr1	61565068	61565313	-1.41096
chr1	62127251	62127500	-1.00708
chr1	63477947	63478406	-1.34681
chr1	63478615	63478730	-2.02245
chr1	64692962	64693661	-1.11614
chr1	67450762	67451413	-1.27279
chr1	67458353	67458571	-1.85573
chr1	69512474	69513078	-1.26457
chr1	69733502	69733583	-1.03724
chr1	70442829	70443807	-1.64345
chr1	70869100	70869369	-1.79959
chr1	71517750	71518204	-1.27491
chr1	72500360	72500579	-1.02083
chr1	73706429	73707489	-1.73794
chr1	77166771	77167065	-1.10754
chr1	77416822	77417167	-1.26799
chr1	82710857	82712501	-1.89737
chr1	83041516	83042349	-1.99297
chr1	85779179	85779794	-2.17545
chr1	85848171	85848533	-1.57245
chr1	86326761	86327189	-1.60435
chr1	87098396	87099322	-1.08405
chr1	87468555	87469225	-1.34262
chr1	87471250	87471442	-1.23312
chr1	87845338	87846218	-1.07133
chr1	88934206	88934467	-2.17543
chr1	90318461	90320862	-1.10864
chr1	93846647	93846859	-1.6355
chr1	95247772	95248307	-1.49249
chr1	96006050	96006721	-1.27314
chr1	96342655	96342897	-1.00455
chr1	96702487	96702608	-1.11159
chr1	97050364	97050496	-1.72333
chr1	97116758	97117382	-1.31377
chr1	97117760	97118083	-2.51058
chr1	99322379	99322914	-1.366
chr1	100825060	100825237	-1.738
chr1	101884742	101885875	-1.38398
chr1	106528988	106529167	-1.31998
chr1	109469330	109470462	-1.22809
chr1	109471255	109471969	-1.48683
chr1	112339427	112339809	-1.24464
chr1	112813502	112813735	-1.26057
chr1	115109601	115110128	-1.41854
chr1	115467771	115468179	-2.13725
chr1	118106988	118107204	-1.04045
chr1	118284897	118284958	-1.0556
chr1	118383109	118383153	-1.01368
chr1	118402525	118402569	-1.0712
chr1	121919756	121920693	-1.69102
chr1	122019336	122020606	-1.01788
chr1	122436720	122437202	-1.47265
chr1	125715960	125716522	-1.40131
chr1	125732031	125732262	-1.35064
chr1	129040127	129040293	-2.74733
chr1	131051156	131051293	-1.52232
chr1	134046657	134046888	-1.02399
chr1	134047209	134047425	-2.31809
chr1	137056466	137057040	-1.28648
chr1	137106687	137106954	-1.0498
chr1	137111748	137112173	-1.51628
chr1	137112504	137113209	-1.00894
chr1	142033512	142034145	-1.37054
chr1	143229414	143229510	-1.63481
chr1	143810826	143811090	-3.0043
chr1	148186250	148187334	-1.4265
chr1	151301797	151302587	-1.11313
chr1	151624853	151625630	-0.99742
chr1	151634214	151635001	-1.26585
chr1	152148148	152148311	-1.6317
chr1	157232157	157233093	-1.06732
chr1	158270873	158271094	-1.06268
chr1	158961118	158961407	-1.70829
chr1	159741323	159741598	-1.50066
chr1	160600413	160600978	-1.14322
chr1	161429857	161430642	-1.35249
chr1	161850054	161850723	-1.30291
chr1	162836245	162836666	-1.25226
chr1	163563916	163564506	-1.7034
chr1	164575441	164575604	-1.41624
chr1	164655753	164656349	-1.02776
chr1	164855468	164855844	-1.08752
chr1	166906027	166906943	-1.39086
chr1	170990587	170990624	-1.25762
chr1	171241122	171241849	-1.22716
chr1	172155987	172156267	-1.20629
chr1	172712365	172712895	-1.16443
chr1	173946882	173947571	-1.0919
chr1	174588916	174588971	-1.87235
chr1	174667787	174668065	-1.19228
chr1	174669386	174669706	-1.20746
chr1	175372312	175373362	-0.993443
chr1	177235779	177237246	-1.11468
chr1	177447959	177448194	-1.09346
chr1	177771072	177771778	-1.43722
chr1	178420227	178420439	-1.00865
chr1	178995219	178995419	-1.49146
chr1	180013113	180013308	-1.18757
chr1	181336509	181337236	-1.04984
chr1	181339553	181340558	-1.53603
chr1	182980111	182980344	-1.61155
chr1	183048974	183049348	-1.35322
chr1	183119776	183120172	-1.90853
chr1	183121550	183122095	-1.2881
chr1	183147891	183148146	-2.02232
chr1	184087106	184087454	-1.39709
chr1	184873959	184874365	-1.49094
chr1	184877550	184877937	-1.61227
chr1	184878416	184879068	-1.19157
chr1	184879160	184879497	-1.38832
chr1	185592531	185593081	-1.05541
chr1	185703809	185704395	-1.1198
chr1	186197536	186198075	-2.71807
chr1	186791028	186791311	-1.03995
chr1	186801862	186802052	-1.41334
chr1	186835582	186836089	-1.47164
chr1	187019879	187020148	-1.65413
chr1	187056123	187056746	-1.7374
chr1	187114878	187115265	-1.40164
chr1	187136997	187137679	-2.0648
chr1	187358051	187358726	-2.65261
chr1	187461314	187461810	-1.06367
chr1	187483136	187483301	-1.47279
chr1	187716452	187716887	-1.39646
chr1	187717709	187718487	-2.57334
chr1	187721847	187722427	-1.13078
chr1	187729180	187729872	-1.82797
chr1	187868863	187869433	-1.84216
chr1	187886378	187886953	-1.43849
chr1	188415377	188415812	-2.74137
chr1	188567524	188568052	-1.747
chr1	188763975	188764573	-1.88798
chr1	188772271	188772714	-1.01378
chr1	188823470	188823735	-3.15157
chr1	188845023	188845698	-2.36222
chr1	188859995	188860797	-1.65101
chr1	188930957	188931273	-1.39706
chr1	189265189	189265590	-2.48292
chr1	189317653	189318144	-1.14818
chr1	189628771	189629296	-1.0719
chr1	189634641	189635416	-1.69901
chr1	189811855	189812339	-1.02723
chr1	189853171	189853416	-1.59876
chr1	190050471	190050746	-1.29012
chr1	190074992	190075484	-1.64102
chr1	190321727	190322031	-1.24229
chr1	190793407	190794094	-1.32494
chr1	191127496	191127680	-2.23948
chr1	191495439	191495708	-2.42826
chr1	191910783	191911176	-1.42437
chr1	192359317	192360087	-1.0022
chr1	192362601	192362801	-1.45615
chr1	192484984	192485660	-1.06904
chr1	192568097	192568366	-2.84794
chr1	192951011	192951214	-3.41454
chr1	193624982	193625632	-1.22472
chr1	194107409	194107628	-1.71936
chr1	194371643	194372419	-1.97913
chr1	194607006	194607639	-1.51671
chr1	195926454	195926710	-1.04853
chr1	196354200	196354388	-1.14663
chr1	196379060	196379359	-1.12839
chr1	196574195	196574870	-1.75855
chr1	197009761	197009941	-2.00633
chr1	197011978	197012040	-1.52642
chr1	197012132	197012266	-1.47508
chr1	197308843	197309647	-1.73032
chr1	197309769	197310303	-1.31124
chr1	197315222	197315636	-0.999874
chr1	197493800	197494170	-1.48265
chr1	198603007	198603563	-2.21736
chr1	198750597	198751054	-1.43172
chr1	198887002	198887267	-1.16255
chr1	199911898	199912638	-2.15356
chr1	199991555	199991821	-1.10706
chr1	200770202	200770897	-1.77074
chr1	200953611	200954093	-1.22933
chr1	201092954	201093021	-1.26661
chr1	201100574	201100627	-1.05714
chr1	201430550	201431018	-1.46638
chr1	201515232	201515368	-1.03897
chr1	201524413	201524845	-3.65001
chr1	201525363	201525988	-1.36954
chr1	202020976	202021247	-1.51652
chr1	202148435	202148784	-2.98155
chr1	202172661	202173063	-1.25685
chr1	202349185	202349523	-1.28973
chr1	202391224	202391300	-1.03411
chr1	203357053	203357359	-1.36876
chr1	203401961	203402117	-1.14619
chr1	203748321	203748643	-1.19542
chr1	204675311	204675683	-1.22379
chr1	205165699	205165970	-1.55555
chr1	205294171	205294483	-2.04167
chr1	205296107	205296492	-2.382
chr1	205697243	205697664	-1.19051
chr1	206473339	206473619	-1.2809
chr1	207517709	207517897	-1.13197
chr1	207702673	207702855	-1.45839
chr1	207757506	207757968	-1.64355
chr1	207854735	207854921	-1.71351
chr1	207855573	207855822	-2.38937
chr1	207969121	207969617	-1.65174
chr1	208016440	208016759	-1.38863
chr1	208078621	208078863	-1.18802
chr1	208119436	208120292	-2.22643
chr1	208252815	208253754	-1.15745
chr1	208491955	208492368	-2.07212
chr1	208493753	208494018	-1.24065
chr1	208667466	208667952	-1.04343
chr1	209128670	209129345	-1.01404
chr1	209144621	209145210	-1.54374
chr1	209250791	209251443	-1.8167
chr1	209382010	209382129	-1.68176
chr1	209724408	209724647	-1.14472
chr1	209735949	209736374	-1.84229
chr1	210299116	210299395	-2.85284
chr1	210305941	210306199	-2.95032
chr1	210385625	210386329	-1.03169
chr1	210693790	210694019	-1.12154
chr1	212250918	212251408	-1.05695
chr1	212813273	212813420	-1.15066
chr1	213369448	213369847	-1.36661
chr1	213439600	213439863	-1.04733
chr1	213531554	213532559	-1.13077
chr1	213712794	213713267	-1.02731
chr1	213895170	213895794	-1.52892
chr1	213956756	213957263	-1.00087
chr1	214591391	214592349	-1.04552
chr1	214593273	214593960	-1.13655
chr1	214725439	214725859	-1.009
chr1	215649156	215649466	-1.42715
chr1	216050363	216050443	-1.38632
chr1	216212517	216212785	-1.67371
chr1	216316957	216317376	-1.51209
chr1	216533655	216534014	-1.00579
chr1	217042003	217042466	-1.10017
chr1	217532280	217532642	-1.40189
chr1	218367816	218367865	-8.16656
chr1	218857774	218858141	-1.32452
chr1	218944622	218944743	-1.52979
chr1	219173787	219173963	-2.61994
chr1	219817194	219817504	-1.10645
chr1	220012017	220012406	-2.71982
chr1	220062293	220062708	-2.10222
chr1	220461279	220461687	-1.1436
chr1	221499039	221499613	-2.42621
chr1	221947247	221947487	-2.13319
chr1	225128715	225129233	-1.5488
chr1	225509410	225509689	-1.1148
chr1	225684695	225684898	-1.19589
chr1	227161447	227161559	-2.15685
chr1	227364805	227365203	-1.14912
chr1	227449179	227449960	-1.19868
chr1	228064451	228064838	-1.09313
chr1	229148084	229149445	-1.3602
chr1	231205134	231206300	-1.06696
chr1	231857453	231858272	-1.98424
chr1	231861620	231861708	-1.72615
chr1	232018093	232018409	-1.05711
chr1	232723791	232724150	-1.02151
chr1	232732577	232732652	-1.00495
chr1	234505658	234506235	-1.14161
chr1	236008181	236008215	-1.54047
chr1	237147118	237147160	-1.04079
chr1	239123413	239124220	-1.14568
chr1	239668164	239668493	-2.25204
chr1	240515841	240516270	-1.21173
chr1	242119356	242120001	-1.12031
chr1	242396161	242396335	-1.18234
chr1	242401078	242401488	-1.39521
chr1	243639483	243640262	-1.12215
chr1	245145386	245145840	-1.18342
chr1	246205825	246206053	-1.6918
chr1	247790031	247790057	-1.17947
chr1	248659489	248659658	-1.02075
chr1	249130447	249131696	-1.82015
chr1	249132009	249133159	-2.61049
chr1	249133537	249134271	-3.60867
chr1	253283676	253284181	-2.06137
chr1	254509513	254510072	-1.10809
chr1	255187994	255188163	-1.32116
chr1	255188292	255188766	-1.30956
chr1	255197589	255197721	-1.03919
chr1	256413106	256413603	-1.4872
chr1	256579501	256579688	-1.04088
chr1	256995566	256996048	-1.03555
chr1	257840644	257841366	-1.38326
chr1	257918248	257918771	-1.90445
chr1	258221057	258221406	-1.17168
chr1	260232015	260232302	-1.05671
chr1	260232545	260232950	-1.33512
chr1	261131074	261131391	-1.1631
chr1	264054710	264055757	-1.76384
chr1	264864719	264865203	-1.14916
chr1	264876192	264876564	-1.85691
chr1	265612975	265613144	-1.08333
chr1	265993223	265993747	-1.21529
chr1	266251425	266251714	-1.0086
chr1	266975578	266977170	-1.03261
chr1	267360206	267360611	-1.15246
chr1	268595662	268596548	-1.29614
chr1	270488832	270489267	-1.1622
chr1	272996358	272996890	-1.05578
chr1	274184998	274185424	-1.23521
chr1	277037789	277038163	-1.45657
chr1	277200830	277201151	-1.20851
chr1	280633752	280633777	-1.17147
chr1	283875944	283876098	-1.41027
chr1	284241735	284243616	-1.27769
chr1	284243691	284244365	-1.2165
chr1	284440453	284441082	-1.89824
chr1	284441326	284443152	-2.75468
chr1	284443233	284444771	-2.2474
chr1	285319967	285320131	-1.31606
chr1	285862454	285862994	-1.50626
chr1	286214694	286214796	-1.0031
chr1	286881935	286882662	-1.03384
chr1	287023197	287023896	-0.991582
chr1	288593206	288593807	-1.33875
chr1	288822731	288823158	-1.00768
chr1	289101575	289102381	-1.34519
chr1	289767437	289767779	-1.01884
chr1	289768455	289768837	-1.42051
chr1	290052156	290052437	-1.27297
chr1	290469616	290469842	-1.28435
chr1	291686131	291686399	-2.3448
chr1	293992054	293992565	-1.08922
chr1	294902168	294902484	-1.19134
chr1	295578504	295578701	-2.00925
chr1	295876814	295877864	-1.0016
chr1	296034657	296035620	-1.29433
chr1	297076024	297076508	-1.27823
chr1	297186226	297186971	-1.04003
chr1	297189191	297189489	-1.26797
chr1	297299199	297299640	-1.38117
chr1	298063401	298063779	-1.12026
chr1	298526689	298527182	-1.16375
chr1	298581022	298581782	-1.7256
chr1	298699146	298699613	-1.01317
chr1	299638100	299638791	-1.579
chr1	300051920	300052172	-1.92622
chr1	300052250	300052520	-1.72279
chr1	300790332	300791516	-2.29348
chr1	300792110	300793241	-1.07763
chr1	300793956	300794423	-2.04034
chr1	300795911	300796085	-2.40035
chr1	300800362	300802138	-2.36467
chr1	300802212	300802819	-1.66169
chr1	300802950	300805034	-1.76797
chr1	301101330	301101890	-1.37973
chr1	302496760	302497959	-1.26621
chr1	305106140	305106443	-1.77132
chr1	306281857	306282062	-1.49158
chr2	165843	166497	-1.80577
chr2	1305012	1305479	-1.0019
chr2	1423872	1424639	-1.10836
chr2	1424780	1425072	-1.43367
chr2	1962710	1962857	-1.10822
chr2	2552658	2552783	-1.36007
chr2	2812990	2813928	-1.16696
chr2	2814291	2814479	-1.74286
chr2	3043547	3044433	-1.10506
chr2	5018219	5018993	-1.15752
chr2	5020784	5021344	-1.14949
chr2	5188905	5190638	-1.6261
chr2	5190734	5191284	-1.30831
chr2	5364433	5365338	-1.00558
chr2	5816165	5816367	-1.12499
chr2	5989528	5989873	-1.02839
chr2	6888975	6889476	-1.77195
chr2	9832857	9833151	-1.26793
chr2	9998876	9999118	-1.23326
chr2	10152084	10152232	-1.17127
chr2	10159899	10160710	-1.29866
chr2	10165643	10166374	-1.56776
chr2	10217616	10218781	-1.69344
chr2	10336546	10337019	-1.18186
chr2	10444406	10444785	-2.74301
chr2	10445736	10446174	-1.37407
chr2	10497629	10497768	-1.59991
chr2	10606071	10606361	-1.72583
chr2	10714764	10715086	-1.37559
chr2	10715428	10715656	-1.5572
chr2	10719878	10720419	-1.14976
chr2	10720838	10721110	-1.9666
chr2	10778184	10778554	-2.11529
chr2	10910963	10911526	-1.7572
chr2	11143207	11143691	-1.85628
chr2	11177143	11177423	-1.10608
chr2	11218553	11218976	-1.09655
chr2	11226613	11226921	-0.994028
chr2	11249228	11249253	-2.40748
chr2	11255648	11255812	-1.34292
chr2	11255944	11256196	-1.13331
chr2	11325516	11326213	-1.85385
chr2	11326508	11327199	-1.01944
chr2	11411927	11412099	-1.33435
chr2	11413816	11414352	-1.04675
chr2	11428685	11428904	-1.85419
chr2	11551927	11552469	-1.36527
chr2	11553343	11553511	-1.28804
chr2	11564754	11564990	-1.42039
chr2	11566984	11567344	-1.35352
chr2	11567835	11568368	-1.22118
chr2	11623821	11623961	-1.10099
chr2	11781796	11782353	-1.10196
chr2	11826115	11826259	-1.07155
chr2	11867185	11867427	-1.20876
chr2	11894284	11894466	-1.24127
chr2	11990990	11991806	-1.6782
chr2	11992031	11992354	-1.16167
chr2	12050881	12051180	-1.13809
chr2	12058650	12059363	-1.25755
chr2	12107897	12108803	-1.03994
chr2	12121550	12122380	-1.3049
chr2	12122466	12123014	-1.10769
chr2	12247606	12247847	-1.40954
chr2	12279758	12280426	-1.58987
chr2	12280965	12281502	-1.19671
chr2	12310443	12310861	-1.3926
chr2	12369968	12370170	-1.63296
chr2	12374935	12375159	-1.35581
chr2	12448184	12448573	-1.453
chr2	12535962	12536246	-1.17892
chr2	12642820	12643771	-1.13769
chr2	12657554	12657852	-1.28872
chr2	12873954	12874194	-2.28005
chr2	13393228	13393412	-1.57584
chr2	13859167	13859380	-1.21982
chr2	14100457	14100782	-1.17513
chr2	14131928	14132188	-1.23323
chr2	14686222	14686560	-2.00558
chr2	14687371	14687700	-1.15129
chr2	14797086	14797336	-1.67924
chr2	15088120	15088626	-1.75305
chr2	15088786	15089458	-1.35335
chr2	15194412	15195020	-1.1282
chr2	15320418	15320658	-2.43167
chr2	15445973	15446105	-1.40606
chr2	15680432	15680864	-1.6827
chr2	16071743	16071866	-1.0699
chr2	16348955	16349218	-1.91104
chr2	16460519	16461072	-1.16523
chr2	16461917	16462872	-1.41345
chr2	16777423	16777611	-1.24969
chr2	16820045	16820652	-1.47606
chr2	17087600	17087828	-1.33779
chr2	17154044	17154187	-2.0699
chr2	17577736	17578051	-1.58298
chr2	19283464	19284586	-1.534
chr2	19444319	19444768	-1.15675
chr2	20404083	20404377	-1.46765
chr2	20523143	20523362	-1.47574
chr2	20588746	20589321	-1.41693
chr2	20727145	20727358	-1.30573
chr2	20919215	20919576	-2.08756
chr2	21103679	21104119	-1.00741
chr2	21296406	21296671	-2.13325
chr2	21669503	21670146	-1.18026
chr2	21680406	21680684	-1.58215
chr2	21692671	21693017	-1.39752
chr2	22071721	22072593	-2.01051
chr2	22212194	22212740	-1.59398
chr2	23515542	23516507	-1.89277
chr2	23532964	23533258	-1.88698
chr2	23557196	23557710	-1.45706
chr2	25057105	25057267	-2.43895
chr2	25264971	25265078	-1.95911
chr2	25324513	25325119	-1.60359
chr2	25871346	25871689	-2.46328
chr2	25997920	25998182	-1.17258
chr2	26568603	26569500	-1.55832
chr2	27115200	27115419	-1.28412
chr2	27123069	27123564	-1.63188
chr2	27504958	27505280	-1.01019
chr2	27608244	27608556	-1.77123
chr2	28101412	28101644	-1.27378
chr2	28941301	28941644	-3.26853
chr2	28957896	28958107	-2.5353
chr2	28978065	28978206	-1.1278
chr2	29258427	29258729	-1.51631
chr2	29261653	29261910	-1.68564
chr2	29263022	29264640	-1.53478
chr2	29396934	29397475	-1.77801
chr2	29539240	29541445	-1.61087
chr2	30128308	30128832	-1.9719
chr2	30280263	30280526	-2.17556
chr2	30307256	30308154	-1.45308
chr2	30727421	30727643	-1.79426
chr2	30731076	30731342	-1.8464
chr2	30984362	30985114	-1.0744
chr2	31028048	31028451	-1.97444
chr2	31073793	31074109	-2.02112
chr2	32029351	32029873	-1.10928
chr2	32827997	32828185	-1.3244
chr2	33550560	33551074	-1.48176
chr2	33985208	33985670	-1.49515
chr2	34442504	34442933	-1.06126
chr2	35033139	35033571	-3.16916
chr2	35077461	35077949	-1.59147
chr2	35996703	35997275	-1.18692
chr2	37146691	37146895	-3.06427
chr2	38103192	38103687	-1.71207
chr2	38331683	38331958	-1.32826
chr2	38438467	38438981	-0.995709
chr2	38745363	38745639	-1.35803
chr2	39116089	39116628	-1.42101
chr2	39118362	39118959	-1.12892
chr2	39752301	39752688	-1.35431
chr2	40357953	40358510	-1.39691
chr2	40626158	40627188	-1.21436
chr2	40884389	40884929	-1.01914
chr2	41641560	41642632	-1.10778
chr2	42448258	42448616	-0.994795
chr2	42785931	42786585	-1.39994
chr2	44073810	44073967	-1.55754
chr2	46162348	46162885	-1.66439
chr2	46607734	46608115	-1.33846
chr2	50225998	50226167	-1.04106
chr2	50610516	50610683	-1.24642
chr2	51515736	51515970	-1.18584
chr2	53145673	53146176	-1.32309
chr2	53781109	53781554	-1.34732
chr2	54273501	54274427	-0.990287
chr2	54744185	54744566	-1.01678
chr2	55693901	55694118	-1.26049
chr2	55974352	55974509	-1.26366
chr2	55991531	55992205	-2.06557
chr2	57851980	57852351	-1.29297
chr2	59352688	59353024	-1.4889
chr2	59379229	59379822	-1.17401
chr2	59752057	59752101	-2.66239
chr2	59853152	59853752	-1.04609
chr2	60085952	60086423	-1.59067
chr2	60093985	60094461	-1.55041
chr2	60094554	60095094	-1.37732
chr2	61628403	61628950	-1.0596
chr2	61675756	61676040	-1.43682
chr2	63031945	63032405	-1.12733
chr2	68442442	68443084	-1.67106
chr2	70463045	70463441	-1.55148
chr2	72935828	72936149	-1.65189
chr2	74416310	74417215	-1.59947
chr2	76067155	76068189	-1.12751
chr2	81381021	81381723	-1.8141
chr2	81402041	81402078	-1.44811
chr2	81618130	81618240	-1.02072
chr2	84982262	84982971	-1.27461
chr2	86183503	86183825	-1.13553
chr2	86184500	86185057	-1.39829
chr2	86185452	86185721	-1.71623
chr2	92657617	92658075	-1.11621
chr2	93432715	93433053	-1.19004
chr2	94050366	94050929	-1.60588
chr2	95612497	95612639	-2.11334
chr2	96301019	96301558	-1.51144
chr2	97382089	97382388	-1.54006
chr2	97655178	97656403	-1.22425
chr2	98039850	98040421	-1.33617
chr2	98046747	98046937	-1.39767
chr2	98247637	98247993	-1.93856
chr2	99676272	99676598	-2.34321
chr2	101084584	101085303	-1.09985
chr2	101178549	101178865	-1.09569
chr2	102153463	102153931	-1.24825
chr2	103292605	103292942	-1.29457
chr2	104149906	104150448	-1.55986
chr2	104212845	104213908	-1.27472
chr2	106285144	106285470	-2.30773
chr2	106990616	106990765	-0.999755
chr2	109327011	109328055	-0.999512
chr2	110582790	110583008	-1.35788
chr2	111708224	111708761	-1.26933
chr2	113645363	113646097	-1.25452
chr2	114724725	114724860	-1.07285
chr2	115399467	115399819	-1.35401
chr2	115408351	115408846	-1.02481
chr2	116126806	116127144	-1.76224
chr2	117438102	117438572	-1.26586
chr2	117602383	117603179	-1.64978
chr2	121233768	121234430	-1.31818
chr2	126490294	126490551	-1.1095
chr2	128625576	128625879	-1.32213
chr2	130565746	130566442	-1.10969
chr2	130896737	130896864	-1.53448
chr2	134672552	134672818	-1.12315
chr2	137491890	137492689	-1.22109
chr2	137987840	137987885	-1.49887
chr2	138391555	138392214	-1.48582
chr2	138481450	138481823	-1.53403
chr2	141944246	141944373	-1.38393
chr2	143856441	143856994	-1.21197
chr2	145989569	145990581	-1.65043
chr2	147662428	147662671	-1.42801
chr2	148272865	148273902	-1.30635
chr2	149589156	149589570	-1.05421
chr2	155587871	155588750	-1.21885
chr2	157349089	157349466	-2.09575
chr2	157583846	157584248	-2.49558
chr2	157592586	157593020	-1.22246
chr2	160699833	160700194	-1.6687
chr2	161022739	161023620	-2.36087
chr2	164018962	164019489	-1.02898
chr2	165418672	165419243	-1.09942
chr2	165858360	165858991	-1.54489
chr2	171115711	171116405	-1.15522
chr2	173379012	173379767	-1.12691
chr2	175964832	175965391	-1.16684
chr2	177362725	177364012	-1.33535
chr2	178305562	178306359	-1.05786
chr2	178797765	178798189	-1.43978
chr2	179131385	179131971	-1.36694
chr2	180365954	180366425	-1.19644
chr2	182759057	182759668	-1.7144
chr2	183137163	183137410	-2.8741
chr2	183790439	183791227	-1.86004
chr2	184206652	184206798	-2.90657
chr2	184939749	184939966	-2.14969
chr2	186197616	186198886	-1.07257
chr2	187754774	187755124	-1.07185
chr2	188141454	188142234	-0.997692
chr2	188715445	188716055	-0.999085
chr2	189460487	189461185	-1.0366
chr2	191157524	191157970	-1.06681
chr2	192383427	192384241	-1.22382
chr2	193349257	193349815	-1.26902
chr2	196406781	196407373	-1.12762
chr2	196952058	196952282	-1.05075
chr2	197182821	197183292	-1.0612
chr2	200239404	200239798	-2.12543
chr2	200412440	200412940	-1.14979
chr2	201379626	201379823	-1.64014
chr2	201394038	201394982	-1.33554
chr2	202912515	202913247	-1.17161
chr2	203837782	203838058	-1.10456
chr2	204981257	204981667	-2.00331
chr2	205697604	205698636	-1.25861
chr2	207397855	207398138	-1.60375
chr2	210578433	210579069	-0.994526
chr2	215349957	215350854	-1.30112
chr2	215595864	215596518	-1.26167
chr2	215957196	215958965	-1.53256
chr2	215959077	215959703	-1.72302
chr2	217190135	217190491	-1.25161
chr2	217534900	217535054	-2.49443
chr2	219016604	219017687	-1.05697
chr2	222327825	222328006	-1.23386
chr2	223871161	223871510	-1.07939
chr2	224122365	224122712	-2.23139
chr2	224756784	224757349	-1.50578
chr2	224804353	224804592	-1.0454
chr2	225124336	225124869	-1.72254
chr2	227088803	227089873	-1.19644
chr2	227163930	227164177	-1.12126
chr2	227388181	227388890	-0.999127
chr2	228062457	228062496	-1.80639
chr2	229035685	229036265	-1.83365
chr2	229677386	229678074	-1.01389
chr2	231995103	231995346	-2.57604
chr2	233662700	233662785	-1.35157
chr2	233665102	233665555	-1.16888
chr2	235736134	235736172	-1.00766
chr2	236631254	236632372	-1.4881
chr2	237155125	237155472	-1.29487
chr2	238169452	238170118	-2.16372
chr2	238611821	238612348	-2.02593
chr2	240155805	240156574	-1.63589
chr2	240838666	240839394	-1.62334
chr2	241395315	241395779	-1.48338
chr2	242548057	242548468	-2.05664
chr2	242648825	242649154	-1.49123
chr2	243945863	243946458	-1.60642
chr2	244066421	244067071	-1.21942
chr2	244404195	244404283	-1.35219
chr3	189049	189875	-1.08285
chr3	205302	206168	-1.16948
chr3	603301	603723	-1.14226
chr3	1631047	1631445	-1.05659
chr3	1698691	1698794	-2.34457
chr3	1870376	1870810	-1.15971
chr3	2001845	2002370	-2.26155
chr3	2574443	2574623	-1.13082
chr3	4765635	4765948	-1.35128
chr3	6928295	6928384	-1.8919
chr3	6928580	6928684	-1.74283
chr3	7479249	7480847	-1.01005
chr3	7482283	7482896	-1.60527
chr3	7536260	7536545	-1.13771
chr3	7536706	7536918	-3.43373
chr3	8833826	8834271	-1.00973
chr3	13649740	13650048	-2.39291
chr3	14043563	14043728	-1.43125
chr3	14914264	14914760	-1.31631
chr3	14967818	14968327	-1.03116
chr3	16955385	16955913	-1.06509
chr3	18019961	18020279	-1.79812
chr3	19238801	19238923	-1.28327
chr3	20015973	20016106	-1.11525
chr3	23247634	23248066	-1.30352
chr3	24863914	24864034	-2.27559
chr3	28667841	28667940	-1.40829
chr3	29407565	29407703	-1.33949
chr3	35483752	35483888	-1.32533
chr3	41386662	41387543	-1.03109
chr3	42216704	42216923	-1.49882
chr3	42674322	42674407	-0.994715
chr3	52759288	52759743	-1.19405
chr3	58534562	58536058	-1.24062
chr3	64794065	64794253	-1.49621
chr3	65871716	65872287	-1.00527
chr3	65875521	65875684	-1.84048
chr3	66113413	66113563	-1.20318
chr3	72262224	72262444	-1.62206
chr3	76233323	76233391	-1.00633
chr3	81350589	81351068	-1.37268
chr3	83533400	83533643	-1.53617
chr3	87045027	87045734	-1.17241
chr3	89708243	89708782	-1.28866
chr3	91869364	91870107	-1.06585
chr3	95428630	95428653	-1.15812
chr3	95854070	95854321	-1.22394
chr3	98165079	98165412	-1.4018
chr3	102999738	103000069	-1.06661
chr3	106397324	106397627	-1.04468
chr3	112410196	112410347	-1.86247
chr3	115716289	115716585	-1.16073
chr3	126127986	126129121	-1.17932
chr3	129612898	129613488	-1.20501
chr3	131683918	131684151	-1.54562
chr3	133284671	133284803	-1.72134
chr3	137543774	137544374	-0.99288
chr3	140401317	140401633	-1.82993
chr3	146857576	146857625	-1.20274
chr3	148230469	148231253	-1.05293
chr3	148520936	148522101	-1.1522
chr3	150183567	150183696	-2.95136
chr3	150284123	150284397	-1.2448
chr3	150721518	150722169	-2.84406
chr3	151709456	151709777	-2.21116
chr3	151746015	151746436	-1.20262
chr3	151885672	151885899	-1.12901
chr3	152437029	152437462	-1.10054
chr3	152617928	152618078	-1.57995
chr3	152752603	152752924	-1.70229
chr3	152766226	152766545	-2.97291
chr3	153213311	153214006	-1.16756
chr3	153352011	153352280	-1.11494
chr3	154183831	154183983	-1.5964
chr3	154186652	154187208	-0.991655
chr3	154317187	154317440	-1.09164
chr3	154398726	154399199	-1.97949
chr3	154796155	154797435	-1.75701
chr3	155182565	155183012	-1.19852
chr3	156001187	156001609	-1.14724
chr3	156311282	156311766	-1.16723
chr3	156321662	156321942	-1.47219
chr3	156811987	156812357	-1.30352
chr3	156822790	156823264	-1.99226
chr3	157343427	157343651	-1.04948
chr3	157343728	157344151	-1.57174
chr3	157467468	157468025	-1.07534
chr3	157676710	157677041	-1.20333
chr3	157881324	157881579	-1.10769
chr3	158115357	158116119	-1.11375
chr3	158153636	158153745	-0.996689
chr3	158686863	158687107	-1.35649
chr3	159522447	159523092	-1.38542
chr3	159540859	159541105	-2.83743
chr3	159783529	159784249	-2.49459
chr3	160320497	160320731	-2.6688
chr3	161138005	161138303	-2.02352
chr3	161167554	161167827	-2.11232
chr3	161223388	161223688	-1.50239
chr3	161223992	161224167	-1.0642
chr3	161225309	161225578	-1.88971
chr3	161296503	161296962	-1.01335
chr3	161297841	161298510	-1.14635
chr3	161298616	161299006	-1.56074
chr3	161299850	161300201	-1.07041
chr3	162510377	162510997	-2.12447
chr3	162860763	162861701	-1.16919
chr3	162861797	162862586	-1.27593
chr3	163742773	163743157	-1.57715
chr3	167055723	167056092	-1.08781
chr3	167192502	167192899	-2.50703
chr3	168471944	168472658	-2.47531
chr3	168624433	168625127	-2.34946
chr3	168635846	168636289	-2.36265
chr3	168783419	168783638	-1.06046
chr3	170276226	170276604	-1.21618
chr3	171240594	171241155	-1.15879
chr3	172233719	172233904	-1.18555
chr3	173063338	173063443	-1.39031
chr3	173102569	173103002	-1.57837
chr3	174089828	174089971	-1.03464
chr3	175085077	175085596	-3.34622
chr3	176825319	176825502	-1.202
chr3	176875835	176876172	-1.3496
chr3	177607965	177608820	-1.18643
chr3	178236411	178237546	-1.08142
chr3	178888139	178888466	-1.05414
chr3	179099503	179099582	-0.997218
chr3	179181196	179181675	-1.26824
chr3	179450540	179451381	-0.998846
chr3	180217829	180218105	-2.26147
chr3	180491724	180492166	-1.05968
chr3	180854052	180854594	-1.12376
chr3	182059371	182059693	-1.31443
chr3	185811829	185812213	-3.06866
chr3	185839820	185840154	-1.12196
chr3	187000774	187001351	-1.37901
chr3	187055028	187055189	-1.3444
chr3	187339052	187339431	-0.997085
chr3	188128399	188129143	-1.04182
chr3	189828856	189829219	-1.02621
chr3	191129919	191130097	-1.10536
chr3	191745449	191746191	-1.0143
chr3	192738929	192739698	-2.06763
chr3	194450734	194450960	-1.07413
chr3	197427657	197428185	-1.23013
chr3	197726260	197726756	-1.32269
chr3	198075429	198076405	-1.58852
chr3	199758846	199759621	-1.32649
chr3	201136315	201136630	-1.32645
chr3	201599277	201599379	-1.99254
chr3	203121927	203122615	-2.63632
chr3	203602593	203603311	-1.02843
chr3	205578610	205578803	-1.12996
chr3	205760180	205760284	-1.57361
chr3	207540779	207541242	-2.67125
chr3	208308297	208308903	-1.12694
chr3	209625976	209626440	-2.63192
chr3	209626797	209628140	-2.76533
chr3	212273371	212273468	-1.99577
chr3	212698160	212698568	-1.00366
chr3	212931701	212932089	-1.83115
chr3	213738920	213739058	-1.0116
chr3	213978904	213979664	-1.12229
chr3	213984338	213984707	-1.52776
chr3	217471992	217472460	-1.07258
chr3	218282949	218283194	-1.11072
chr3	218829968	218830222	-1.00694
chr3	220165227	220166013	-1.1737
chr3	221273290	221273964	-1.11857
chr3	221275011	221275791	-1.13899
chr3	222410406	222410766	-1.07087
chr3	222482327	222482761	-1.12056
chr3	222838727	222839191	-1.10812
chr3	225343313	225343713	-1.17817
chr3	225601387	225602259	-1.06886
chr3	225759094	225759158	-1.36575
chr3	226088008	226088366	-1.02756
chr3	226088550	226088777	-1.55559
chr3	229665680	229665909	-1.12992
chr3	232907642	232908210	-1.76412
chr3	234671470	234671765	-1.12013
chr3	234824404	234825317	-3.37278
chr3	235377759	235378150	-1.01238
chr4	2986436	2986733	-2.3434
chr4	3339236	3339525	-1.21971
chr4	3570748	3571626	-1.08845
chr4	4313214	4314367	-1.34513
chr4	5250192	5250449	-1.18347
chr4	5259886	5261274	-2.49259
chr4	5261351	5262426	-2.16274
chr4	5270243	5271590	-2.93252
chr4	5618673	5619099	-1.09302
chr4	5750285	5751204	-1.03156
chr4	7429232	7430133	-1.10904
chr4	8098986	8099872	-1.11908
chr4	8116808	8116941	-2.5926
chr4	10537430	10537711	-1.05337
chr4	10671729	10672092	-1.51914
chr4	10870836	10871284	-1.00258
chr4	10952743	10952879	-1.06307
chr4	13055549	13056173	-1.97672
chr4	15010044	15010253	-1.42461
chr4	15010756	15011095	-1.30204
chr4	15152842	15153577	-1.14829
chr4	15156493	15156760	-1.01109
chr4	15167747	15168122	-1.00643
chr4	15250404	15250614	-1.42715
chr4	15251235	15251752	-1.42813
chr4	15294331	15294967	-1.73447
chr4	15295886	15296548	-1.05889
chr4	15317415	15317645	-0.99524
chr4	15347395	15347778	-1.10047
chr4	15748251	15748403	-1.04288
chr4	15967846	15968472	-1.21965
chr4	16171661	16172168	-1.55396
chr4	16317869	16318184	-1.25789
chr4	16320206	16320698	-1.33054
chr4	16322757	16323445	-1.18132
chr4	16373796	16374401	-1.11643
chr4	16795344	16795698	-1.25953
chr4	16937519	16937678	-1.18271
chr4	16937974	16938444	-1.21347
chr4	17279693	17280136	-1.51043
chr4	17445956	17446428	-1.81317
chr4	17573519	17573953	-1.00907
chr4	17780277	17780686	-1.21971
chr4	18043499	18044051	-1.26646
chr4	18281069	18281960	-1.12251
chr4	18289800	18290351	-1.34182
chr4	18296687	18297034	-1.32614
chr4	20376232	20377817	-1.59008
chr4	20378434	20379144	-1.46491
chr4	21214072	21214388	-1.22613
chr4	24203170	24203645	-1.35093
chr4	24805210	24805896	-1.0658
chr4	26903567	26903716	-2.06334
chr4	27086086	27086372	-1.07491
chr4	27213183	27213587	-1.04752
chr4	27226506	27226756	-1.2121
chr4	29401822	29401888	-1.09931
chr4	29532993	29533669	-2.58178
chr4	29988734	29989043	-1.01217
chr4	30108201	30108564	-0.995508
chr4	32648224	32649466	-1.07687
chr4	34821383	34821744	-1.11444
chr4	34828598	34828960	-1.18735
chr4	35344694	35344814	-1.9314
chr4	35839600	35839865	-2.20838
chr4	35864815	35865070	-1.75237
chr4	38490415	38490893	-1.08979
chr4	38950752	38951049	-1.61986
chr4	41505793	41505950	-1.83694
chr4	43307154	43307763	-1.68229
chr4	43881662	43882320	-1.47914
chr4	43996653	43996856	-1.42365
chr4	44922537	44922901	-1.12639
chr4	45669151	45669567	-1.18231
chr4	45997537	45998229	-1.5158
chr4	46298970	46299770	-2.20055
chr4	46673112	46673780	-1.42142
chr4	48050476	48050764	-1.15159
chr4	51739354	51739865	-1.1505
chr4	56636966	56637166	-1.18741
chr4	57523341	57523507	-1.33536
chr4	57541184	57541896	-0.997522
chr4	59928030	59928863	-1.23968
chr4	61629401	61629643	-1.44649
chr4	62817065	62817296	-1.55415
chr4	64155136	64155359	-2.35822
chr4	64792489	64793438	-1.06905
chr4	65387666	65388797	-1.10396
chr4	68339229	68340259	-2.95421
chr4	71248957	71249392	-1.04384
chr4	81902312	81902629	-1.65117
chr4	84251038	84251140	-1.53964
chr4	85211571	85211590	-1.74442
chr4	88472570	88473260	-0.99721
chr4	89815955	89816114	-1.02399
chr4	92593556	92593890	-1.18707
chr4	96459715	96460102	-1.14947
chr4	101019236	101019642	-1.51908
chr4	101254150	101254318	-2.78974
chr4	102686224	102686497	-1.3005
chr4	103056874	103057178	-1.04026
chr4	103709441	103709770	-1.01413
chr4	107241267	107241293	-2.27452
chr4	109338528	109339202	-1.05458
chr4	109458310	109458756	-1.36108
chr4	110634218	110634268	-1.40933
chr4	112074375	112074784	-1.035
chr4	113426702	113426957	-1.07758
chr4	116770370	116770822	-1.28887
chr4	118658870	118659346	-1.52541
chr4	118666556	118667077	-1.0756
chr4	122175309	122175770	-1.42484
chr4	122183603	122183967	-1.60138
chr4	124662381	124662717	-1.13837
chr4	130215416	130215854	-2.37525
chr4	131897156	131897575	-1.41024
chr4	133316662	133316682	-1.00499
chr4	135986968	135987560	-1.0845
chr4	138239519	138239587	-3.3454
chr4	138320509	138320867	-1.41952
chr4	140280603	140280694	-1.18367
chr4	143177872	143178215	-1.15994
chr4	144577789	144578140	-1.02655
chr4	144750353	144751759	-1.04161
chr4	146709952	146710436	-1.07478
chr4	148036431	148036837	-1.24605
chr4	149785054	149785340	-1.59963
chr4	150463655	150464209	-1.3084
chr4	151336011	151336324	-1.11162
chr4	151820899	151821878	-1.54895
chr4	155005088	155005796	-2.18957
chr4	155987877	155988397	-1.3122
chr4	156140074	156140825	-1.53954
chr4	156141086	156141895	-1.19908
chr4	156897975	156898870	-1.01136
chr4	157860325	157860742	-1.55578
chr4	159273007	159273234	-1.04335
chr4	159456209	159456396	-1.48884
chr4	160243622	160243978	-1.02565
chr4	160244153	160244405	-1.24365
chr4	160572108	160572368	-1.55481
chr4	161100447	161100937	-1.68975
chr4	161112259	161113067	-1.27426
chr4	161230476	161231065	-1.40148
chr4	161370613	161371563	-1.04693
chr4	162469433	162470058	-1.4408
chr4	163227006	163227145	-1.44553
chr4	163370542	163370909	-1.16055
chr4	163373557	163373927	-1.62754
chr4	163914322	163915085	-1.15144
chr4	164059182	164059714	-2.29695
chr4	164861675	164862203	-1.44362
chr4	165536292	165537005	-1.06078
chr4	165586045	165586517	-1.22547
chr4	165612964	165613239	-1.90219
chr4	166937127	166937610	-1.33409
chr4	167215188	167215906	-1.79296
chr4	167597639	167598051	-1.33456
chr4	167906321	167906514	-1.00975
chr4	167994038	167994564	-1.80604
chr4	168761864	168762554	-1.12071
chr4	170560352	170560483	-1.6619
chr4	170640351	170640538	-1.41434
chr4	170657529	170657733	-1.66352
chr4	170665878	170666419	-1.20208
chr4	170674820	170675454	-1.31153
chr4	170715555	170715854	-1.29546
chr4	170726448	170726858	-1.03432
chr4	170745656	170745908	-2.43168
chr4	172392185	172392745	-1.12683
chr4	172393175	172393653	-1.22807
chr4	173227798	173228303	-2.63352
chr4	173660947	173661669	-1.38635
chr4	173804639	173805331	-1.1085
chr4	174310615	174310947	-3.08055
chr4	174867279	174868085	-1.32264
chr4	176972045	176972499	-1.48683
chr4	176979153	176979696	-1.36925
chr4	176979883	176980205	-1.09408
chr4	177029642	177030521	-1.66589
chr4	177083974	177084889	-1.50835
chr4	177089058	177089162	-1.37038
chr4	177102290	177102523	-1.29452
chr4	177780605	177780823	-1.47779
chr4	177828943	177829299	-1.98388
chr4	177896658	177897057	-1.31576
chr4	177974643	177974990	-0.991009
chr4	178009737	178010299	-1.3918
chr4	178012927	178013797	-1.61946
chr4	178013893	178014515	-1.70371
chr4	178017271	178017666	-1.07238
chr4	179430234	179431212	-1.51077
chr4	179544109	179544677	-1.05894
chr4	179687257	179687496	-1.9015
chr4	179891395	179891602	-1.98378
chr4	179927356	179927592	-1.17492
chr4	180364274	180364898	-1.19087
chr4	180367914	180368733	-1.82509
chr4	181056200	181056365	-1.31979
chr4	181347111	181347128	-1.14076
chr4	181584682	181585449	-1.20535
chr4	182063012	182063238	-1.23153
chr4	182453804	182454009	-1.25418
chr4	182464719	182464945	-2.19811
chr4	182721283	182721988	-1.08639
chr4	182882512	182882653	-1.38368
chr4	182889203	182889656	-1.15238
chr4	183209032	183209846	-1.83267
chr4	183322598	183322680	-1.43934
chr4	183373580	183374157	-1.32214
chr4	183790300	183790584	-1.16808
chr4	184364836	184365879	-1.08227
chr4	184388894	184389063	-3.26366
chr4	184464776	184465009	-1.66383
chr4	185017702	185017971	-1.45043
chr4	185027909	185028488	-1.82451
chr4	185047819	185048345	-1.1458
chr4	185279250	185279698	-2.17763
chr4	185375679	185376117	-1.30905
chr4	186081675	186082224	-1.45853
chr4	186083105	186083497	-1.45831
chr4	186085198	186085848	-1.49972
chr4	186147141	186147377	-1.00823
chr4	186497327	186497893	-1.00123
chr4	188639833	188640122	-1.04235
chr4	188917059	188917244	-2.52675
chr4	189776404	189776583	-1.24581
chr4	189869562	189870204	-1.07109
chr4	189870348	189870839	-1.95326
chr4	190504355	190504587	-1.28681
chr4	190505868	190506073	-1.13874
chr4	190901276	190901706	-1.17054
chr4	191009697	191009790	-1.47162
chr4	191440078	191440823	-1.76608
chr4	191572201	191572624	-1.85212
chr4	191755685	191755955	-2.79888
chr4	192300729	192301148	-1.09458
chr4	192357661	192358202	-1.27631
chr4	192782746	192783137	-2.2285
chr4	192783801	192784007	-1.65249
chr4	192841451	192841690	-1.41837
chr4	192858259	192858501	-0.999729
chr4	192876844	192877072	-1.44618
chr4	192970066	192970216	-2.64174
chr4	194296361	194296540	-1.51809
chr4	194333666	194334465	-1.25827
chr4	195243694	195244061	-1.06278
chr4	195518821	195519048	-1.06904
chr4	195817776	195818163	-1.03791
chr4	196520584	196520710	-1.33241
chr4	196895330	196896322	-4.57907
chr4	196961842	196962255	-1.19243
chr4	197237050	197237592	-1.15331
chr4	198622327	198622496	-1.46007
chr4	198796727	198797077	-1.39808
chr4	201433667	201433920	-1.00227
chr4	202004708	202004880	-1.64103
chr4	202312610	202313315	-2.28131
chr4	202392429	202393354	-1.11883
chr4	202436397	202436714	-1.77797
chr4	202437153	202437637	-1.4004
chr4	203330299	203331085	-1.24443
chr4	204069451	204069753	-1.47954
chr4	204237959	204238150	-1.0299
chr4	205932525	205933121	-1.01304
chr4	206733268	206733759	-1.51946
chr4	207567352	207568360	-0.995603
chr4	208818802	208819412	-1.10629
chr4	209838567	209839312	-1.02962
chr4	210513308	210514048	-1.05879
chr4	210523240	210523549	-1.25193
chr4	211445104	211445669	-1.04191
chr4	211467198	211467522	-1.41129
chr4	212083367	212083787	-1.05626
chr4	212906853	212907290	-1.66111
chr4	213536901	213537494	-1.0588
chr4	213565000	213565298	-1.47579
chr4	213565403	213565768	-1.74789
chr4	214258986	214259901	-1.24347
chr4	214584712	214585295	-1.19963
chr4	214600290	214600381	-1.24994
chr4	214889617	214890099	-1.41609
chr4	214957576	214957902	-1.25013
chr4	215246313	215246612	-1.11509
chr4	217816293	217816671	-1.39708
chr4	218341702	218342546	-0.991929
chr4	219324035	219324918	-2.09911
chr4	221787549	221787973	-1.67828
chr4	221953709	221953898	-2.31134
chr4	222230594	222231118	-1.18609
chr4	222454577	222455025	-1.37427
chr4	223204347	223204724	-1.20219
chr4	225873379	225873678	-1.7964
chr4	226170912	226171040	-1.2189
chr4	227878094	227878117	-1.60224
chr4	228264549	228264773	-1.39368
chr4	230678942	230679227	-1.17793
chr4	231696329	231696779	-1.04157
chr4	232199667	232200099	-1.33693
chr4	232200446	232201090	-1.0495
chr4	232853821	232854285	-1.02682
chr4	233252560	233252846	-1.46325
chr4	233330981	233331320	-1.50658
chr4	233608547	233609058	-1.51514
chr4	234054775	234055842	-1.34246
chr4	239592069	239592538	-1.33259
chr4	239900756	239900907	-1.40986
chr4	240218089	240218653	-1.28779
chr4	240710893	240711118	-1.17814
chr4	240800772	240801864	-1.28999
chr4	241604622	241605227	-1.34303
chr4	241640391	241640553	-1.00139
chr4	244691284	244692952	-1.33895
chr4	244696810	244697083	-1.31563
chr4	244699068	244699293	-1.2235
chr4	244906295	244906624	-2.28915
chr4	246839904	246840714	-1.21001
chr4	246865668	246865973	-1.18693
chr5	193968	194220	-1.87913
chr5	618020	618887	-1.54748
chr5	718877	719397	-1.4527
chr5	899515	899618	-1.44295
chr5	1090543	1091071	-1.88255
chr5	1298893	1299059	-1.78218
chr5	1622463	1623296	-2.01271
chr5	1623372	1623723	-1.14959
chr5	1642750	1643368	-1.32221
chr5	2447730	2448473	-1.70974
chr5	2677791	2678314	-1.00695
chr5	2840163	2840535	-1.19231
chr5	3759249	3760666	-1.0429
chr5	4572315	4572508	-1.42067
chr5	5237500	5238190	-1.08031
chr5	10299279	10301027	-1.67248
chr5	10301128	10302655	-1.66713
chr5	10468768	10469535	-1.27084
chr5	11779676	11780562	-1.24928
chr5	13152023	13152259	-1.32546
chr5	13265370	13265782	-1.81539
chr5	14010742	14010969	-1.73775
chr5	15861123	15861637	-1.03076
chr5	16625576	16626473	-1.17735
chr5	16895905	16896165	-1.93775
chr5	17294765	17296621	-1.32009
chr5	17723905	17724587	-1.06872
chr5	21439610	21439955	-1.78112
chr5	25534492	25535407	-1.16396
chr5	26538810	26539848	-1.71115
chr5	27040273	27040998	-1.04851
chr5	28593900	28593934	-1.12284
chr5	30343073	30343279	-1.53754
chr5	31118189	31119128	-1.07826
chr5	33147002	33147298	-1.46477
chr5	33782367	33782621	-1.07344
chr5	36225468	36226042	-1.15617
chr5	37849254	37849733	-1.14367
chr5	39671170	39671552	-1.05309
chr5	39761574	39761800	-1.02863
chr5	39807025	39807624	-1.05968
chr5	39814670	39814983	-1.04779
chr5	39967580	39967911	-1.37592
chr5	39974330	39974865	-1.79046
chr5	42626630	42626977	-1.01938
chr5	43072850	43073336	-1.02266
chr5	46659687	46660361	-1.0575
chr5	47870942	47871044	-1.09526
chr5	49732033	49732413	-1.20657
chr5	50696780	50697127	-1.02902
chr5	51680974	51681661	-1.58328
chr5	53941282	53941450	-1.18981
chr5	53962365	53962445	-1.04804
chr5	54919458	54919623	-1.04359
chr5	55220806	55221215	-1.39901
chr5	55312869	55313652	-1.21464
chr5	55643691	55645148	-1.07022
chr5	55871179	55872441	-1.7453
chr5	60953524	60954208	-0.992792
chr5	61102659	61103303	-1.5271
chr5	62618677	62619311	-1.14041
chr5	62918381	62918642	-1.93747
chr5	64628694	64628717	-1.95337
chr5	65144927	65145032	-1.04679
chr5	66277269	66277296	-1.07628
chr5	67598956	67599328	-1.22477
chr5	67625759	67626011	-1.20234
chr5	68913182	68913670	-1.12628
chr5	69452603	69453190	-1.67925
chr5	69453626	69454509	-1.07614
chr5	71223031	71223833	-1.48807
chr5	72027473	72028135	-1.18889
chr5	72056300	72056745	-0.9948
chr5	74413845	74414553	-1.37431
chr5	76231742	76231915	-1.39299
chr5	81977766	81978020	-1.3906
chr5	82694517	82695059	-1.33777
chr5	84633991	84634139	-1.09312
chr5	85301808	85302703	-1.63746
chr5	86124701	86124919	-1.10891
chr5	86308226	86309950	-2.60534
chr5	86312706	86313843	-1.90265
chr5	86315009	86315626	-1.86216
chr5	87662812	87663101	-1.03758
chr5	89378522	89379141	-1.53482
chr5	89690663	89690694	-1.02553
chr5	93405340	93405668	-1.00823
chr5	94725837	94726015	-2.00624
chr5	96218750	96218997	-1.11073
chr5	96219925	96220472	-1.04558
chr5	97453500	97454113	-1.12245
chr5	100207856	100208417	-1.07098
chr5	104743638	104743917	-1.10603
chr5	105053169	105054053	-1.472
chr5	108328812	108328938	-1.19331
chr5	108339128	108339819	-1.03423
chr5	108355804	108356005	-1.38477
chr5	115369180	115369209	-1.16464
chr5	118052577	118052970	-1.1376
chr5	118761002	118761536	-1.52013
chr5	118768470	118769016	-1.52507
chr5	120901953	120902307	-1.03459
chr5	124548417	124548857	-1.25496
chr5	125656800	125658030	-1.0673
chr5	128731483	128732489	-1.08903
chr5	131596660	131597406	-1.54757
chr5	131695746	131696061	-1.01524
chr5	132011873	132012287	-1.66712
chr5	138303600	138303989	-1.78418
chr5	140502237	140502348	-1.6671
chr5	144879519	144880144	-1.1945
chr5	147546764	147546931	-1.02373
chr5	148759584	148760064	-1.37692
chr5	151855864	151855919	-1.06754
chr5	154015171	154015437	-1.49013
chr5	154572155	154572705	-1.28695
chr5	157444034	157444164	-1.58777
chr5	159964376	159964487	-0.990033
chr5	160358020	160358280	-1.29362
chr5	160634093	160634839	-1.10263
chr5	160847977	160848910	-1.09516
chr5	161011178	161011896	-1.2255
chr5	162436055	162436433	-1.14258
chr5	165739951	165740358	-1.24227
chr5	165906328	165907562	-1.24951
chr5	167940877	167941216	-1.63766
chr5	167941328	167942075	-1.49255
chr5	170743005	170743573	-1.04053
chr5	171710647	171710809	-1.26416
chr5	171745526	171746182	-1.21479
chr5	172847574	172848266	-1.3481
chr5	175996522	175997170	-1.41617
chr5	177675336	177676069	-1.103
chr5	178308200	178308333	-1.42502
chr5	178398251	178398492	-1.61903
chr5	179112093	179112779	-1.04969
chr5	179879889	179880307	-0.999205
chr5	180056825	180057327	-1.38869
chr5	181430448	181430665	-1.93732
chr5	181562903	181563142	-1.78056
chr5	181642059	181642639	-1.73667
chr5	182749852	182750521	-1.30452
chr5	183331467	183331682	-1.69487
chr5	183332319	183332792	-1.06428
chr5	184030759	184031315	-1.75802
chr5	184919638	184919966	-1.05522
chr5	185860792	185860811	-1.16647
chr5	186109070	186109317	-1.1788
chr5	186213102	186213364	-2.03937
chr5	186614228	186614249	-1.72163
chr5	186902669	186903015	-1.35476
chr5	188329829	188330138	-1.23044
chr5	188595333	188595420	-1.40314
chr5	188613901	188614221	-1.08443
chr5	190058567	190059152	-1.0263
chr5	190468500	190468740	-1.74593
chr5	191253423	191254187	-1.36571
chr5	191474655	191475608	-1.34166
chr5	192010589	192010824	-1.54861
chr5	193506855	193506975	-1.12723
chr5	193529832	193530146	-0.999651
chr5	194068567	194069620	-1.81999
chr5	194485328	194485527	-1.87355
chr5	194711897	194712109	-2.40701
chr5	195072663	195073352	-1.17598
chr5	196151790	196151848	-2.12243
chr5	197044633	197044943	-1.35727
chr5	197814513	197816086	-1.72608
chr5	197873139	197873727	-1.71766
chr5	200343071	200343299	-2.52565
chr5	200347085	200347614	-1.23046
chr5	200516872	200517839	-1.55958
chr5	200536432	200536704	-1.29135
chr5	200538221	200538673	-1.45678
chr5	200542046	200542297	-1.10116
chr5	200757802	200758547	-1.26129
chr5	200758634	200759098	-1.25268
chr5	201457428	201457770	-1.57824
chr5	201913443	201914275	-1.75731
chr5	202691362	202691514	-1.0168
chr5	204699880	204700249	-1.78727
chr5	205093316	205093593	-1.38293
chr5	205739643	205740418	-1.10244
chr5	205952915	205953185	-1.70058
chr5	206136010	206136501	-1.35642
chr5	209061473	209062564	-2.72138
chr5	209457346	209458071	-1.01368
chr5	209496147	209496185	-1.25495
chr5	210977461	210977976	-1.51319
chr5	211017449	211018324	-1.82594
chr5	211019664	211021251	-1.95584
chr5	211021724	211022246	-1.31701
chr5	211023233	211024183	-1.29993
chr5	211094873	211095456	-1.01902
chr5	211399769	211400088	-1.10013
chr5	211419710	211420140	-1.00518
chr5	211558413	211559402	-1.74166
chr5	211564673	211564920	-1.55551
chr5	211656260	211656955	-1.97229
chr5	211670048	211670332	-2.17899
chr5	211767197	211767691	-2.68328
chr5	211874184	211874943	-1.16449
chr5	212196367	212197104	-1.24658
chr5	212237280	212237821	-1.25306
chr5	212257865	212258027	-1.32087
chr5	212375162	212375520	-1.71478
chr5	212574942	212575162	-1.79713
chr5	212797916	212798259	-1.78733
chr5	212798395	212798631	-2.52384
chr5	212827130	212827364	-1.79998
chr5	213166305	213166630	-1.39201
chr5	213339124	213339762	-1.12911
chr5	213693609	213693761	-1.30214
chr5	213771981	213772249	-1.70418
chr5	213781531	213781720	-1.33587
chr5	213822254	213822716	-1.70316
chr5	213832847	213833316	-1.44763
chr5	213853765	213854054	-1.07052
chr5	213935978	213936536	-2.33608
chr5	213956523	213957051	-2.10224
chr5	213967106	213969461	-1.01097
chr5	213972159	213972865	-1.0057
chr5	214089785	214090133	-1.30615
chr5	214135202	214135946	-1.29873
chr5	214164624	214165107	-2.43722
chr5	214167713	214167877	-1.77472
chr5	214196051	214196653	-1.57673
chr5	214213665	214213904	-1.01625
chr5	214346457	214346849	-2.25745
chr5	214347664	214347885	-1.55079
chr5	214348041	214348191	-1.41504
chr5	214435224	214435463	-1.33162
chr5	214440840	214441714	-2.09718
chr5	214474584	214475834	-1.39456
chr5	214553837	214554109	-1.5521
chr5	214554603	214554832	-1.38017
chr5	214610361	214610748	-2.46028
chr5	214777604	214778514	-1.68413
chr5	214783558	214784015	-1.57587
chr5	215052113	215052427	-1.68265
chr5	215071002	215071321	-1.03979
chr5	215082745	215082888	-1.22432
chr5	215265288	215267416	-1.21188
chr5	215269155	215269440	-1.60379
chr5	215588355	215588575	-1.12457
chr5	215847376	215847640	-0.997085
chr5	215927151	215927954	-1.01836
chr5	215956562	215957220	-1.16688
chr5	215963040	215963493	-1.87035
chr5	216317255	216317880	-1.24656
chr5	216352801	216353467	-1.77693
chr5	216487969	216489127	-1.7026
chr5	216586643	216587123	-1.20006
chr5	216612733	216613087	-1.78965
chr5	216614810	216615189	-1.19594
chr5	216616444	216616796	-1.36607
chr5	216621954	216622372	-1.63593
chr5	216623440	216623945	-1.39179
chr5	216632525	216633087	-1.47102
chr5	216737297	216737581	-1.83102
chr5	216944804	216945610	-1.18084
chr5	216959863	216960116	-2.80146
chr5	217110468	217110774	-2.25822
chr5	217146000	217146571	-1.23669
chr5	217162554	217162966	-1.12494
chr5	217195449	217195925	-1.32321
chr5	217207628	217207940	-0.996148
chr5	217262081	217262641	-1.11372
chr5	217275879	217276944	-1.68614
chr5	217336371	217336938	-1.08352
chr5	217352498	217352764	-1.51242
chr5	217355293	217355441	-1.90755
chr5	217356930	217357421	-1.67997
chr5	217359103	217359284	-0.998903
chr5	217360724	217361040	-1.77399
chr5	217428615	217428958	-1.79011
chr5	217433133	217433729	-1.5673
chr5	217434977	217435310	-2.04532
chr5	218441035	218441898	-1.14092
chr5	218580722	218581291	-1.25654
chr5	218802616	218802785	-1.1936
chr5	219060899	219061161	-1.73708
chr5	219206827	219207288	-1.05806
chr5	219925810	219926695	-1.69913
chr5	220523969	220524153	-1.16224
chr5	222422563	222423274	-1.56759
chr5	223679963	223680392	-1.49194
chr5	223817455	223817698	-1.68606
chr5	223837571	223837816	-2.07634
chr5	223844942	223845148	-1.94705
chr5	223854445	223855257	-1.59346
chr6	32451	32540	-1.77758
chr6	1385214	1386122	-1.08403
chr6	10137509	10137630	-1.21419
chr6	10549330	10549370	-1.96935
chr6	10554350	10554645	-1.63073
chr6	12746750	12746796	-1.3212
chr6	12749926	12750100	-1.00906
chr6	13478000	13478603	-1.42814
chr6	13479406	13479752	-1.47144
chr6	13480303	13480434	-1.34956
chr6	13511332	13512095	-1.14091
chr6	13513032	13513307	-1.48038
chr6	13568589	13568810	-1.11979
chr6	13569481	13569672	-1.48011
chr6	13570164	13570341	-1.53437
chr6	13570673	13570914	-1.82551
chr6	13590755	13590998	-1.44603
chr6	13623655	13623928	-1.02225
chr6	13670051	13670278	-1.78145
chr6	14262220	14262269	-1.12411
chr6	14268709	14268901	-1.16321
chr6	14269429	14270046	-1.49917
chr6	14291117	14291336	-1.43009
chr6	14292100	14292285	-1.86624
chr6	14292384	14292563	-1.71395
chr6	14293132	14293543	-1.43018
chr6	14295752	14297922	-1.42237
chr6	14298367	14298556	-1.5383
chr6	14299655	14299704	-1.23569
chr6	14318791	14318889	-1.31479
chr6	14321000	14321764	-1.49711
chr6	14322352	14322671	-1.46297
chr6	14322809	14323752	-1.05218
chr6	14391491	14393126	-1.13764
chr6	14393485	14393717	-2.04705
chr6	14393884	14394117	-1.71929
chr6	14398249	14398429	-1.067
chr6	14461953	14462990	-1.08846
chr6	14463100	14463614	-1.36306
chr6	15323489	15323899	-1.67683
chr6	25411751	25412170	-1.34023
chr6	25424448	25424807	-1.3675
chr6	25445515	25445747	-1.33255
chr6	25446226	25446588	-2.12199
chr6	25466216	25466383	-1.07618
chr6	26334824	26335106	-1.66725
chr6	26539712	26540351	-1.13318
chr6	26776880	26777496	-1.26292
chr6	27354908	27355163	-1.56541
chr6	29611207	29611636	-1.17257
chr6	31468340	31468889	-0.99064
chr6	32659251	32659529	-2.49906
chr6	33980375	33980632	-1.1468
chr6	36490145	36490367	-1.52915
chr6	41496290	41496383	-1.11712
chr6	41500297	41501057	-1.57224
chr6	47054648	47055148	-1.15081
chr6	50107576	50107968	-1.81654
chr6	51706609	51707223	-1.42565
chr6	53611948	53612087	-1.17288
chr6	53880289	53881036	-1.13383
chr6	55170589	55171100	-1.12779
chr6	56475004	56475623	-1.10639
chr6	58860127	58860929	-1.03897
chr6	59030558	59030794	-1.13828
chr6	66009006	66009149	-1.17235
chr6	76872410	76873206	-1.81434
chr6	77683859	77684083	-1.14592
chr6	79693599	79694171	-1.62524
chr6	84002816	84003546	-1.39088
chr6	84135737	84136137	-1.56979
chr6	87557490	87557723	-1.03134
chr6	88054188	88054410	-1.45703
chr6	88676519	88676628	-1.01695
chr6	90899037	90899262	-1.03348
chr6	91323817	91323964	-1.01448
chr6	91329658	91330501	-1.67465
chr6	91421405	91422031	-1.12732
chr6	91637223	91637424	-1.86559
chr6	92312858	92313103	-1.48997
chr6	93136982	93137170	-1.00741
chr6	95843514	95843696	-1.49243
chr6	95984319	95984748	-1.22903
chr6	97491487	97491837	-1.37891
chr6	98499593	98499860	-1.02396
chr6	100744796	100745700	-1.33833
chr6	100803723	100804299	-1.23744
chr6	101157690	101158099	-1.01609
chr6	101247903	101248173	-1.14969
chr6	101867434	101867765	-1.74926
chr6	103893636	103894251	-1.45303
chr6	105533600	105534124	-1.49941
chr6	106904244	106904770	-1.13317
chr6	107818879	107819923	-2.01087
chr6	108077333	108077741	-1.18219
chr6	108106411	108106680	-1.13823
chr6	108511943	108512744	-1.19366
chr6	108578969	108579288	-1.13247
chr6	108974278	108974349	-1.46071
chr6	111936027	111936364	-1.14526
chr6	111936523	111936708	-2.01446
chr6	111964296	111964518	-1.46434
chr6	112992836	112993128	-1.05627
chr6	113000691	113001071	-1.21083
chr6	115070496	115071365	-1.23651
chr6	115075230	115075754	-1.15871
chr6	115447606	115447716	-1.04998
chr6	116263132	116263281	-1.4008
chr6	121724079	121724102	-1.30833
chr6	122450351	122451146	-1.11168
chr6	123791326	123792756	-1.34571
chr6	124698921	124699448	-1.12412
chr6	128245289	128246208	-1.03963
chr6	128852589	128852721	-1.35633
chr6	129308598	129308737	-1.29039
chr6	136292359	136292654	-1.05304
chr6	137683351	137685423	-1.22148
chr6	138379206	138379404	-2.10461
chr6	141750607	141751267	-0.990634
chr6	142269842	142270227	-1.51738
chr6	142999880	143000128	-1.06966
chr6	143245661	143246186	-1.06228
chr6	146675224	146677472	-1.1141
chr6	146877505	146877760	-1.0892
chr6	147223345	147223609	-1.6963
chr6	147494775	147495764	-1.31446
chr6	147575208	147575690	-1.25951
chr6	148937714	148938232	-1.2657
chr6	149196986	149197415	-1.86599
chr6	149198481	149198939	-1.09233
chr6	149247535	149247760	-1.4446
chr6	150719432	150719685	-1.19355
chr6	152609978	152611318	-1.0435
chr6	152695550	152695663	-1.02597
chr6	152762469	152763240	-1.07015
chr6	153206998	153207476	-1.07626
chr6	153338104	153338340	-1.06795
chr6	153896409	153896851	-1.08144
chr6	154564992	154565470	-1.00344
chr6	155324565	155325123	-1.06179
chr6	155699215	155699332	-2.31415
chr6	156199963	156201791	-1.02459
chr6	156290949	156291721	-1.44859
chr6	157400344	157402744	-4.83235
chr6	157756336	157756501	-1.24294
chr6	160347064	160347387	-2.14239
chr6	160354582	160354961	-1.92344
chr6	160609365	160609575	-1.47001
chr6	160948397	160948443	-1.01652
chr6	161000019	161000324	-2.05021
chr6	161282282	161282521	-2.31507
chr6	163972062	163972819	-1.25787
chr6	164342750	164343413	-1.01413
chr6	164867279	164867409	-1.36777
chr6	165821843	165823123	-1.08031
chr6	167903762	167904944	-1.17671
chr6	168831151	168831746	-1.09266
chr6	169318176	169318463	-1.18779
chr6	171229889	171230435	-1.05606
chr6	173416029	173416215	-1.00435
chr6	173495916	173496206	-1.44825
chr7	1101510	1102040	-2.03968
chr7	1241288	1245733	-1.80547
chr7	1245811	1246791	-1.65534
chr7	1247691	1248471	-1.68826
chr7	1249508	1250566	-1.73205
chr7	1250888	1251338	-1.16428
chr7	1977081	1977609	-1.26331
chr7	2270880	2271063	-1.05507
chr7	2661330	2661686	-1.46511
chr7	3127708	3127796	-0.998988
chr7	4990401	4990519	-1.02604
chr7	6475672	6475715	-1.66837
chr7	6731647	6732271	-2.05234
chr7	6732353	6732720	-1.50635
chr7	6927514	6928274	-1.13747
chr7	7450673	7451680	-1.84216
chr7	8690010	8690314	-1.09448
chr7	10085559	10085780	-0.990575
chr7	10085974	10087731	-1.14941
chr7	11773234	11773494	-1.01327
chr7	12166645	12167480	-1.0997
chr7	12807031	12807486	-2.00791
chr7	12946892	12947365	-1.48957
chr7	13727881	13729046	-1.26065
chr7	13928960	13929860	-2.95469
chr7	14952830	14953107	-1.02632
chr7	15022239	15022504	-1.22521
chr7	15493832	15494000	-1.00994
chr7	15928785	15929111	-1.14019
chr7	16044986	16045252	-1.51954
chr7	18405430	18406698	-1.1592
chr7	19540256	19540947	-1.33643
chr7	21079761	21080599	-1.85484
chr7	21087006	21087612	-1.68981
chr7	21375695	21376128	-1.46226
chr7	21623480	21623951	-1.36352
chr7	22123640	22123789	-1.28182
chr7	22573907	22574118	-0.993906
chr7	22920806	22921278	-2.24853
chr7	23589241	23589473	-3.18487
chr7	23645704	23645815	-1.65545
chr7	25228799	25230050	-1.28956
chr7	25586941	25587398	-1.34461
chr7	25643135	25643975	-1.60476
chr7	25775203	25775673	-2.67805
chr7	28253014	28253667	-1.16971
chr7	28310997	28311654	-1.09307
chr7	29121613	29122174	-2.05868
chr7	30456627	30457155	-2.33981
chr7	30733329	30733771	-1.11041
chr7	32972052	32972087	-1.2255
chr7	38071101	38071561	-2.09586
chr7	39730448	39730785	-1.01249
chr7	41110595	41111150	-1.21597
chr7	42952233	42952427	-1.0013
chr7	45246517	45247194	-1.06936
chr7	55568278	55568551	-1.10125
chr7	56630332	56630965	-0.99067
chr7	56631038	56631534	-1.25897
chr7	56652637	56652869	-1.46252
chr7	56662257	56662592	-1.07395
chr7	57901103	57901512	-1.41052
chr7	58242020	58242077	-1.31975
chr7	58521057	58521297	-1.35407
chr7	58803904	58804171	-1.7275
chr7	60909158	60910067	-1.0521
chr7	65206381	65206941	-1.86631
chr7	66411222	66411467	-1.23481
chr7	68183051	68183667	-1.01492
chr7	73556368	73556976	-1.48388
chr7	73814435	73814771	-1.04153
chr7	78911467	78911630	-0.997382
chr7	78971033	78971275	-3.27004
chr7	80598324	80598460	-1.20455
chr7	81823248	81823630	-1.02831
chr7	82725167	82725274	-1.10361
chr7	86387941	86388154	-1.06704
chr7	90175311	90176136	-1.01739
chr7	90458048	90458379	-1.08596
chr7	91690327	91690729	-0.997247
chr7	95313756	95314120	-1.20543
chr7	96901131	96901309	-1.07651
chr7	99231987	99232007	-1.10494
chr7	100799359	100799782	-1.14071
chr7	100838523	100838736	-1.2452
chr7	101491072	101492709	-1.18433
chr7	104036891	104037214	-1.223
chr7	104857410	104857632	-1.03716
chr7	107117979	107118253	-1.0337
chr7	110134369	110134557	-1.73019
chr7	111151374	111151785	-2.36748
chr7	111482840	111483512	-1.21668
chr7	112017971	112018102	-1.23362
chr7	112727518	112727759	-1.42609
chr7	113262218	113262877	-1.76467
chr7	113757704	113758683	-1.27727
chr7	114376308	114376620	-1.01519
chr7	117576996	117577472	-1.53731
chr7	117634236	117634719	-1.34027
chr7	118708062	118708599	-2.0599
chr7	119570451	119570523	-1.15095
chr7	119825663	119825854	-1.08934
chr7	120712743	120713087	-1.65472
chr7	122523775	122524502	-1.33554
chr7	123043746	123044197	-1.28447
chr7	123555667	123556086	-1.14438
chr7	124336875	124337346	-1.04373
chr7	125153133	125153569	-1.29158
chr7	125159434	125159594	-1.06304
chr7	125303309	125303435	-1.53497
chr7	125836391	125836503	-1.54525
chr7	126253842	126254189	-1.02108
chr7	127272989	127273248	-1.64202
chr7	127398614	127399204	-1.10132
chr7	127553168	127553513	-1.48287
chr7	127835071	127836822	-1.10105
chr7	127837972	127838756	-1.65989
chr7	127995374	127995590	-1.09019
chr7	129053638	129054761	-1.09714
chr7	129160067	129160489	-1.93407
chr7	129472823	129473871	-1.57626
chr7	129845528	129846256	-1.47405
chr7	131578430	131579035	-1.26972
chr7	134229559	134230071	-1.50264
chr7	134230988	134231620	-1.51274
chr7	134545892	134546103	-1.24966
chr7	139769357	139769523	-1.39372
chr7	139920468	139920934	-1.10612
chr7	143860893	143861768	-1.03909
chr7	144314262	144314739	-1.12602
chr7	145443855	145444143	-1.05867
chr7	145835395	145835575	-1.11143
chr7	145872653	145873716	-1.03106
chr7	146431144	146432664	-1.14388
chr7	146498406	146499758	-2.05823
chr7	146499904	146501597	-2.89263
chr7	146503710	146503958	-3.03166
chr7	146504173	146505386	-2.14059
chr7	146506797	146507995	-2.18979
chr7	146509253	146510663	-1.13484
chr7	147533317	147533799	-1.33599
chr7	147569557	147570067	-1.41121
chr7	147992300	147992419	-1.17506
chr7	148433808	148434372	-1.05567
chr7	149585398	149586314	-1.14917
chr7	149586418	149588691	-1.10202
chr7	149588774	149589224	-1.36259
chr7	149797361	149797698	-1.13941
chr7	152097619	152098284	-1.01974
chr7	153077991	153078286	-1.00486
chr7	153317239	153317465	-1.91511
chr7	153732753	153732905	-1.25768
chr7	155440898	155441450	-1.33471
chr7	155441639	155442167	-1.726
chr7	156226400	156226499	-1.13796
chr7	156780218	156781903	-1.64269
chr7	156783665	156785504	-1.68904
chr7	157810580	157810767	-1.0824
chr7	157873895	157874808	-1.38189
chr7	158177148	158178370	-1.19128
chr7	158669174	158669625	-1.56067
chr7	159519875	159520737	-1.0845
chr7	160045749	160047322	-1.72529
chr7	160628370	160629136	-1.04915
chr7	161122684	161122904	-1.9295
chr7	161130801	161131141	-1.32392
chr7	162206218	162206469	-1.17344
chr7	163522201	163522854	-1.38177
chr7	165004358	165004557	-1.19822
chr7	165341197	165342501	-1.11879
chr7	166435817	166436576	-1.02242
chr7	166833008	166833177	-1.2441
chr7	167916348	167916976	-1.44895
chr7	168160150	168162577	-1.08815
chr7	168933855	168934116	-1.20284
chr7	170019888	170020865	-1.40976
chr7	171458357	171458990	-1.66641
chr7	171461945	171462035	-2.83922
chr7	171695765	171696479	-1.2237
chr7	171737197	171737341	-1.51708
chr7	172369766	172370172	-1.15237
chr7	173023518	173023936	-2.45045
chr7	173070685	173071091	-2.25155
chr7	176161620	176162305	-1.21535
chr7	176254605	176254868	-1.035
chr7	176610916	176611273	-1.07222
chr7	177324041	177324504	-1.24228
chr7	177324628	177325355	-1.35367
chr7	177325447	177325856	-1.28168
chr7	177375417	177376560	-1.23992
chr7	178013877	178013973	-1.20351
chr7	178054066	178054302	-1.01665
chr7	178657549	178657745	-1.04194
chr7	178943705	178944482	-1.22505
chr7	179754355	179754490	-1.02662
chr7	179782673	179783032	-1.94926
chr7	179920762	179921025	-1.40966
chr7	180438893	180439023	-1.58107
chr8	90691	91222	-1.05414
chr8	433460	433776	-1.11881
chr8	3548897	3549333	-1.12511
chr8	4847071	4847402	-1.5086
chr8	5541126	5541799	-1.09471
chr8	6796382	6796982	-1.13026
chr8	7343891	7344775	-1.05952
chr8	7416649	7417063	-1.00413
chr8	7447440	7448096	-0.997538
chr8	7612918	7613452	-1.11809
chr8	8484214	8484382	-1.16139
chr8	10341080	10342184	-1.02877
chr8	11256491	11256942	-1.22363
chr8	12208896	12209419	-1.00565
chr8	13690657	13691752	-1.19931
chr8	14446293	14446760	-1.66441
chr8	14450250	14451296	-2.56323
chr8	14453466	14454410	-1.37221
chr8	14952102	14952502	-0.990769
chr8	14953051	14953217	-1.82235
chr8	16314502	16315322	-1.23685
chr8	18283338	18284090	-0.993467
chr8	19941021	19941590	-1.41941
chr8	23724378	23724729	-1.08184
chr8	23852260	23852450	-1.03419
chr8	27675863	27675882	-1.1075
chr8	28177527	28177742	-1.31632
chr8	28478253	28478928	-1.40601
chr8	29240103	29240522	-1.67491
chr8	30340405	30340648	-1.7785
chr8	31627002	31627331	-1.49358
chr8	32767483	32767768	-1.58969
chr8	33052029	33052221	-2.2575
chr8	33439414	33439606	-1.64722
chr8	33561118	33561281	-1.14091
chr8	33951203	33951668	-1.2461
chr8	34822190	34822696	-0.991675
chr8	35002040	35002162	-1.29154
chr8	35117893	35118290	-1.2825
chr8	35382080	35382399	-1.49865
chr8	35608177	35608975	-1.24176
chr8	35630833	35631425	-1.05057
chr8	37573724	37573969	-1.26108
chr8	38333416	38333710	-1.41057
chr8	38828758	38828925	-1.09523
chr8	38888535	38889230	-1.57033
chr8	38893798	38894410	-1.11295
chr8	41097121	41097542	-1.1071
chr8	41440101	41440723	-1.84327
chr8	41504406	41504761	-1.27461
chr8	41878644	41879005	-1.02315
chr8	41884429	41884666	-2.16648
chr8	45487608	45487803	-2.58932
chr8	45612576	45612919	-1.17643
chr8	47524697	47524765	-1.17119
chr8	47994427	47994848	-1.10745
chr8	51171473	51171919	-1.58934
chr8	53967544	53968034	-1.15835
chr8	55641507	55642579	-1.01944
chr8	59516108	59516710	-2.35021
chr8	62646479	62647154	-1.08182
chr8	63278252	63278728	-1.66772
chr8	63476811	63477855	-1.09043
chr8	64107739	64108306	-1.36776
chr8	65756992	65757393	-1.32632
chr8	65761311	65761507	-1.72594
chr8	66329785	66330482	-1.5053
chr8	67182623	67182678	-1.17107
chr8	67375152	67375410	-1.08288
chr8	68250482	68251047	-1.01014
chr8	69430775	69430877	-1.19883
chr8	70216043	70216907	-1.06313
chr8	73599002	73599180	-1.01488
chr8	73985047	73985247	-3.14739
chr8	76318454	76318863	-1.31108
chr8	76422338	76422961	-1.30476
chr8	78051490	78052317	-1.02693
chr8	78606027	78606414	-2.81708
chr8	79050219	79050623	-1.08902
chr8	80750289	80750789	-1.32713
chr8	81042800	81043165	-1.61388
chr8	81588187	81588716	-1.08236
chr8	81860142	81860404	-1.92102
chr8	81869035	81869855	-1.48693
chr8	82040985	82041433	-1.31977
chr8	82405252	82405518	-1.5789
chr8	82669863	82670498	-1.06578
chr8	83181234	83181382	-1.15505
chr8	83447638	83447812	-1.26438
chr8	84849430	84849920	-1.20903
chr8	85379597	85379842	-2.57711
chr8	85433994	85434438	-1.58316
chr8	85452884	85453345	-1.0082
chr8	85574554	85574967	-1.11169
chr8	85829767	85830063	-1.09799
chr8	88816639	88817014	-1.3036
chr8	88931328	88931466	-2.52899
chr8	90094791	90095381	-1.43206
chr8	90127115	90127332	-1.35712
chr8	90690826	90691335	-1.11136
chr8	92125572	92125710	-1.07779
chr8	92904895	92905284	-1.35773
chr8	92957925	92958371	-1.2018
chr8	93351284	93351769	-2.7038
chr8	93475127	93475538	-1.89704
chr8	93479893	93480397	-1.49721
chr8	93525922	93526162	-1.15541
chr8	93782324	93782856	-1.03374
chr8	95022966	95023300	-1.69505
chr8	95480382	95481266	-1.59573
chr8	96929117	96929693	-1.2469
chr8	97369166	97369861	-1.44017
chr8	97539207	97539434	-1.38464
chr8	97568761	97569226	-2.94473
chr8	97623580	97623823	-3.37464
chr8	98034456	98034872	-1.40304
chr8	98917482	98918106	-1.25124
chr8	99276973	99277192	-2.18355
chr8	102413160	102413490	-1.37107
chr8	103887449	103887798	-1.18425
chr8	104622479	104622775	-1.01881
chr8	105194187	105195343	-1.32083
chr8	105271153	105271659	-1.46215
chr8	107135382	107135684	-1.08634
chr8	108067826	108068098	-1.08848
chr8	108544626	108545137	-1.44972
chr8	110728225	110728611	-2.62854
chr8	110872168	110872680	-1.09523
chr8	111704504	111704971	-1.0353
chr8	111888319	111888817	-1.33761
chr8	112917630	112917968	-1.36102
chr8	113167172	113168631	-1.6505
chr8	113368725	113369056	-1.90574
chr8	113369196	113369713	-2.18875
chr8	118894860	118895233	-1.03793
chr8	120993062	120993816	-1.16624
chr8	121649240	121649655	-1.19299
chr8	124101274	124101900	-1.61141
chr8	124553400	124553429	-1.23828
chr8	126224695	126225215	-1.02666
chr8	126269525	126270385	-1.05553
chr8	126643177	126644490	-1.32186
chr8	126648074	126648447	-1.5143
chr8	126649846	126650261	-1.43519
chr8	126885655	126885886	-1.36346
chr8	126886132	126886656	-1.00489
chr8	126887632	126887936	-1.10962
chr8	127648543	127648769	-1.52437
chr8	127860852	127861212	-1.19769
chr8	128111526	128111699	-1.43847
chr8	131913966	131914243	-1.00768
chr8	133988160	133988637	-1.28176
chr8	134117517	134118273	-1.22545
chr8	135163207	135164234	-1.06865
chr8	136772037	136772653	-1.35649
chr8	136856531	136858138	-1.39073
chr8	136859959	136861161	-1.6912
chr8	137278218	137278460	-1.05827
chr8	137775737	137775951	-1.38103
chr8	137776489	137776974	-1.42905
chr8	138500095	138501097	-2.04266
chr8	138501294	138502712	-1.63484
chr8	139027991	139028445	-1.37651
chr8	139925712	139926138	-1.13851
chr8	143822710	143823210	-1.27448
chr8	145236709	145237685	-1.74095
chr8	147218283	147222793	-1.56773
chr8	149862788	149863273	-1.10088
chr8	150445012	150445780	-1.38182
chr8	151148348	151149107	-1.37662
chr8	152638050	152638674	-1.02209
chr8	152695213	152696110	-1.00424
chr8	152787511	152788167	-1.33655
chr8	153627742	153628152	-1.36952
chr8	154126316	154126929	-1.0151
chr8	154261850	154262627	-1.30989
chr8	156000562	156000921	-1.49671
chr8	157391468	157391669	-1.22521
chr8	157421812	157422309	-1.07792
chr8	157631913	157632269	-1.25179
chr8	157633507	157633669	-2.47829
chr8	159715569	159715970	-1.13052
chr8	160090362	160091337	-1.33103
chr8	161306251	161307166	-1.13817
chr8	161618261	161618719	-1.03271
chr8	162290747	162292570	-1.19375
chr8	162834536	162834994	-1.11044
chr8	163103261	163104072	-1.39228
chr8	163315068	163315914	-1.04667
chr8	163349163	163349403	-1.19471
chr8	164052421	164053215	-1.24874
chr8	164053536	164054632	-1.59362
chr8	164054724	164055562	-1.24872
chr8	164055679	164057107	-1.14038
chr8	164057223	164059242	-1.19435
chr8	164154559	164154849	-1.2573
chr8	164169031	164169860	-1.53942
chr8	165481529	165481738	-1.38161
chr8	167232270	167232803	-0.991943
chr8	167469783	167470122	-1.0094
chr8	167556378	167556941	-1.0948
chr8	167835510	167836349	-1.18836
chr8	168647321	168647789	-1.60706
chr8	169026388	169026696	-1.06497
chr8	171420263	171420488	-1.01077
chr8	171654877	171655454	-1.38963
chr8	172194162	172194864	-2.10428
chr8	172372026	172372427	-1.5025
chr8	172473704	172473943	-1.22473
chr8	174046845	174047104	-1.20119
chr8	174180003	174181840	-1.1051
chr8	174413131	174413430	-1.33172
chr8	174607751	174607778	-3.55404
chr8	175088488	175088988	-0.999983
chr8	176808519	176809280	-2.77422
chr8	177011100	177018801	-2.27528
chr8	177018878	177019321	-1.8051
chr8	177023150	177025872	-1.26128
chr8	177166630	177167119	-1.41962
chr8	177441314	177441521	-2.4036
chr8	177444229	177444485	-1.93247
chr8	177678746	177680064	-1.35827
chr8	178867398	178867577	-1.11326
chr8	178898630	178899066	-0.993262
chr8	179115854	179116017	-2.39608
chr8	179227912	179228551	-1.08062
chr8	180034498	180035148	-1.42397
chr8	180037713	180038175	-1.34771
chr9	4429	4648	-1.34701
chr9	7112	7231	-1.02624
chr9	8034	8327	-1.50275
chr9	1551752	1552048	-1.05011
chr9	1565282	1565815	-1.24117
chr9	1871714	1873115	-1.10159
chr9	5069426	5069812	-1.20853
chr9	5782960	5783416	-1.01806
chr9	5980910	5981798	-1.05636
chr9	6591268	6591541	-1.39972
chr9	7765057	7765462	-1.11656
chr9	7940252	7940805	-1.67601
chr9	12478513	12478713	-1.12634
chr9	14042812	14043005	-1.06254
chr9	15720914	15722173	-1.55195
chr9	17204507	17205195	-1.99204
chr9	19266321	19266609	-2.18994
chr9	20997375	20997775	-1.03825
chr9	21406793	21407024	-1.38976
chr9	23149794	23150015	-1.13288
chr9	24305214	24306103	-1.44496
chr9	25712892	25713407	-0.992246
chr9	30848994	30849169	-1.09964
chr9	34597261	34597556	-1.00189
chr9	36831907	36832283	-1.6495
chr9	37751278	37751399	-1.4215
chr9	38411515	38411692	-1.04216
chr9	39292070	39292227	-1.0248
chr9	43651564	43652054	-1.02515
chr9	44362679	44362809	-1.01088
chr9	54568011	54568498	-1.17575
chr9	56577021	56577245	-1.00617
chr9	57435942	57436240	-1.41977
chr9	57437432	57437552	-1.7312
chr9	57642420	57642619	-1.42058
chr9	59957121	59957550	-1.47072
chr9	61598332	61598454	-1.10762
chr9	63399736	63400657	-1.93577
chr9	65972782	65973226	-1.43305
chr9	66982289	66982517	-1.61488
chr9	68347614	68348314	-1.32446
chr9	68804671	68804692	-1.22486
chr9	69240176	69240373	-1.43168
chr9	72808145	72808254	-1.13614
chr9	74901917	74902470	-1.30408
chr9	79240591	79241420	-1.02157
chr9	82884800	82884824	-1.09288
chr9	86403119	86403450	-2.16957
chr9	88512098	88512758	-1.57514
chr9	88938678	88939260	-1.67785
chr9	91604372	91604939	-1.17294
chr9	95958506	95958587	-1.01286
chr9	95958673	95958897	-1.19461
chr9	95959127	95959479	-1.73684
chr9	97235363	97235839	-1.02329
chr9	98194825	98195239	-1.8032
chr9	100130704	100131758	-1.65747
chr9	103436298	103436496	-2.66519
chr9	103924125	103925571	-2.45496
chr9	105146337	105146916	-1.09845
chr9	106476446	106476942	-2.13561
chr9	108298104	108298370	-1.00181
chr9	111503612	111504164	-1.09362
chr9	111791844	111792174	-1.16464
chr9	112206821	112207545	-1.97748
chr9	112604726	112605113	-1.43134
chr9	113107815	113108257	-2.02311
chr9	116931527	116931845	-1.67875
chr9	117154988	117155225	-1.05022
chr9	117520559	117521272	-0.998501
chr9	117580717	117581098	-1.04185
chr9	118857877	118858165	-2.75102
chr9	120431384	120431635	-1.02015
chr9	120432303	120432446	-2.00889
chr9	120439715	120440013	-1.64252
chr9	121267583	121268022	-1.11319
chr9	121904109	121904344	-1.46989
chr9	124912900	124912985	-1.63749
chr9	125807602	125807813	-1.19881
chr9	126290246	126290746	-1.85016
chr9	126394911	126395301	-1.37261
chr9	126489477	126489689	-1.23076
chr9	128020110	128020690	-1.56272
chr9	129497187	129497989	-1.9063
chr9	130211242	130212263	-1.01363
chr9	133098581	133098899	-1.13446
chr9	133140207	133140725	-1.06578
chr9	133828592	133829205	-1.03987
chr9	134016036	134017795	-2.36817
chr9	134017889	134019038	-2.54688
chr9	134019136	134019945	-2.19623
chr9	134020372	134021341	-2.73917
chr9	134024451	134027855	-1.42676
chr9	134171702	134172430	-1.21758
chr9	137823858	137824586	-1.41398
chr9	137831616	137831937	-1.61861
chr9	138082015	138082282	-2.50834
chr9	138273489	138273844	-1.89825
chr9	138290981	138291479	-1.22795
chr9	138350553	138350837	-1.76852
chr9	139631262	139631588	-1.24569
chr9	141979626	141982148	-2.1556
chr9	142479802	142480072	-2.89461
chr9	143630073	143630702	-1.46371
chr9	143631253	143631786	-2.84779
chr9	143631873	143634439	-2.53783
chr9	143634591	143639038	-2.49019
chr9	143639219	143639993	-2.55289
chr9	143660034	143660582	-2.19805
chr9	144328660	144329229	-1.47
chr9	144763444	144764085	-1.34283
chr9	148952630	148953041	-1.54765
chr9	149104768	149105283	-1.98563
chr9	150650756	150651619	-1.94249
chr9	150652077	150652518	-2.29575
chr9	150654389	150655410	-2.35414
chr9	150658643	150659878	-2.01146
chr9	150665507	150665859	-1.9337
chr9	150666095	150666668	-2.16734
chr9	153136044	153136759	-1.58537
chr9	153399387	153399704	-1.03194
chr9	153445059	153445386	-1.18929
chr9	153882102	153882337	-2.11593
chr9	153897588	153898001	-1.09419
chr9	154837032	154837568	-1.22772
chr9	157686315	157686628	-1.15904
chr9	158814329	158814522	-1.15311
chr9	159731949	159732170	-1.52127
chr10	354913	354955	-1.27762
chr10	2564969	2565749	-1.33803
chr10	3858754	3859464	-1.0072
chr10	4040965	4041500	-1.06474
chr10	4335109	4335774	-1.0632
chr10	5017446	5018071	-1.02351
chr10	10417471	10418164	-2.27091
chr10	11438131	11438847	-1.33582
chr10	12403717	12404303	-1.91299
chr10	12474012	12474342	-1.09605
chr10	12504277	12504317	-1.58744
chr10	12729259	12729564	-1.01892
chr10	14450399	14451531	-1.80682
chr10	15280897	15281117	-1.41054
chr10	15580598	15581154	-1.03921
chr10	16868145	16869227	-1.60954
chr10	16869507	16869722	-1.40408
chr10	17139331	17139906	-2.34267
chr10	17350010	17351005	-1.6376
chr10	18628815	18629350	-2.08343
chr10	22877537	22877915	-2.13784
chr10	23660028	23660223	-3.25389
chr10	26911778	26912256	-1.28211
chr10	31670612	31670798	-1.03859
chr10	31671856	31672408	-1.63317
chr10	32285752	32286094	-1.42183
chr10	32287135	32287884	-1.30887
chr10	35843929	35844095	-1.21163
chr10	35976523	35977724	-1.00988
chr10	37885170	37885526	-2.31324
chr10	37895589	37895961	-1.59238
chr10	37896059	37896460	-1.3724
chr10	37896604	37897452	-1.00648
chr10	40370099	40370475	-1.14451
chr10	48843614	48843874	-1.05967
chr10	48844407	48844672	-1.3614
chr10	51067867	51068071	-1.64825
chr10	51319012	51319446	-1.96413
chr10	52013618	52013981	-1.111
chr10	52624661	52624684	-1.01942
chr10	52736667	52736954	-1.30487
chr10	53884204	53884609	-1.23228
chr10	56358591	56358727	-1.28721
chr10	56678115	56678314	-2.64282
chr10	56681121	56681525	-0.99048
chr10	59098158	59098420	-1.2834
chr10	60739675	60739899	-1.27958
chr10	61667641	61668139	-1.58433
chr10	63457695	63458466	-1.06962
chr10	64877724	64878285	-1.47015
chr10	65125302	65125618	-1.23144
chr10	68998813	68999271	-1.0822
chr10	69365559	69365749	-1.14298
chr10	69452224	69452473	-1.02674
chr10	69562452	69562774	-1.32869
chr10	72127158	72127376	-1.10612
chr10	74786801	74787255	-1.31587
chr10	76464438	76464729	-1.08379
chr10	76469146	76469727	-1.15115
chr10	78458301	78458502	-2.1479
chr10	79726999	79727351	-1.8152
chr10	80553378	80554436	-1.49208
chr10	80757941	80758045	-1.1484
chr10	81677746	81678054	-1.05512
chr10	82598777	82599250	-1.205
chr10	82659320	82659791	-1.28399
chr10	84948604	84949666	-1.34315
chr10	85877827	85878302	-2.02708
chr10	86306510	86306653	-1.07784
chr10	86791838	86792295	-1.3317
chr10	87218829	87219095	-1.05453
chr10	87219771	87220039	-1.13934
chr10	87311382	87311967	-1.151
chr10	87313043	87314267	-1.13352
chr10	87619985	87620519	-1.4267
chr10	88674357	88674740	-1.46675
chr10	88716676	88717076	-1.64363
chr10	89233102	89233358	-1.73378
chr10	89413326	89413705	-1.01253
chr10	90529004	90529174	-1.22738
chr10	92623257	92623444	-1.35663
chr10	93404970	93405113	-1.04057
chr10	93870247	93870784	-1.48458
chr10	98409314	98409809	-1.05365
chr10	99262144	99262982	-1.09695
chr10	99688931	99689153	-1.23028
chr10	99817404	99817955	-2.52507
chr10	100772523	100772798	-1.09325
chr10	105055630	105056485	-1.97675
chr10	106109521	106109777	-1.02287
chr10	106187912	106188813	-1.09193
chr10	108510143	108510567	-1.17469
chr10	108580203	108580468	-1.05262
chr10	109583985	109584482	-1.02457
chr10	109927638	109928487	-1.23469
chr10	113024528	113024862	-1.54313
chr10	115248154	115248567	-1.73871
chr10	115291406	115291657	-1.13759
chr10	115499345	115499588	-1.12223
chr10	117395545	117395953	-2.57828
chr10	117941428	117942093	-2.54112
chr10	118786342	118786825	-1.21113
chr10	119234436	119235269	-1.40943
chr10	119491481	119491647	-1.41822
chr10	119882866	119884059	-1.005
chr10	120154198	120154549	-1.2152
chr10	120219803	120220327	-1.92026
chr10	120220439	120220683	-0.998581
chr10	120426069	120426864	-1.13845
chr10	120759213	120759365	-1.4339
chr10	120939111	120939846	-1.15727
chr10	121566818	121567133	-1.00033
chr10	122325852	122326448	-1.09665
chr10	122395266	122396070	-1.26104
chr10	122475686	122476462	-2.18827
chr10	122476985	122477583	-2.36808
chr10	122516179	122516579	-1.18422
chr10	122743292	122744141	-1.27736
chr10	123649207	123649466	-1.05563
chr10	123694477	123694789	-1.60223
chr10	123698828	123699049	-1.03179
chr10	123756349	123756660	-1.25269
chr10	125275647	125275864	-1.4581
chr10	125279018	125279200	-1.05538
chr10	125879822	125880059	-1.93169
chr10	129047815	129048291	-1.03015
chr10	129642886	129643010	-1.01421
chr10	129704821	129705062	-1.59501
chr10	129841562	129842912	-7.72111
chr10	131186667	131187191	-1.19096
chr10	131735072	131735871	-2.04413
chr10	133592149	133592949	-2.37562
chr10	133666372	133666663	-1.13104
chr10	133755737	133756805	-1.24894
chr10	133937846	133938379	-0.99375
chr10	134649759	134650569	-1.3314
chr10	134818100	134818462	-1.17123
chr10	134824891	134825740	-1.44333
chr10	135014541	135014630	-0.997361
chr10	135060642	135061175	-1.15034
chr10	135297382	135297521	-1.82484
chr10	135542224	135542473	-1.55028
chr10	136481166	136481431	-1.00264
chr10	136650920	136651722	-1.45534
chr10	137273008	137273132	-1.11193
chr10	137986013	137986075	-2.56208
chr10	138716584	138717012	-2.80585
chr10	139983494	139984217	-1.02605
chr10	139987906	139988417	-0.994849
chr10	140284406	140284967	-1.70385
chr10	140551215	140551780	-1.79714
chr10	141398741	141399446	-1.36201
chr10	141454713	141454881	-1.21668
chr10	141485282	141485815	-1.63785
chr10	142398218	142398709	-1.06976
chr10	143429137	143429367	-1.98886
chr10	144383450	144383733	-1.83492
chr10	144433721	144434265	-1.54799
chr10	144501532	144502519	-1.73618
chr10	144502597	144505116	-1.17019
chr10	144715342	144716209	-1.37621
chr10	144716354	144721784	-1.57816
chr10	144723887	144724122	-2.57238
chr10	144727048	144729541	-1.91338
chr10	144729643	144730386	-1.75432
chr10	144732951	144734148	-2.53443
chr10	145208205	145208762	-1.53465
chr10	146241770	146242289	-1.2725
chr10	146242382	146242826	-1.09732
chr10	146243786	146244131	-1.36385
chr10	146245126	146245663	-1.49921
chr10	146966623	146967478	-1.01203
chr10	147090559	147091118	-1.97658
chr10	147433929	147434124	-1.5454
chr10	147595000	147595186	-0.996336
chr10	148044735	148045521	-1.21311
chr10	148258352	148258583	-1.43739
chr10	149377617	149377978	-1.4517
chr10	149589860	149590033	-0.990219
chr10	150675507	150675662	-1.72302
chr10	150873620	150873995	-1.76399
chr10	150899830	150900299	-1.63084
B73V4_ctg150	16157	16809	-1.34151
B73V4_ctg150	16865	17044	-1.07481
B73V4_ctg150	17113	17364	-1.20832
B73V4_ctg150	18772	19063	-3.56437
B73V4_ctg150	48977	49776	-2.08202
B73V4_ctg150	165569	166026	-1.15727
B73V4_ctg150	407479	407617	-1.80339
B73V4_ctg150	541557	541727	-1.80496
B73V4_ctg150	653809	654371	-2.58828
B73V4_ctg150	696413	697594	-1.27412
B73V4_ctg150	733871	735012	-1.98242
B73V4_ctg150	736838	737386	-5.15677
B73V4_ctg150	738194	738872	-3.0839
B73V4_ctg150	1017155	1017536	-5.15636
B73V4_ctg150	1019140	1019896	-5.44849
B73V4_ctg150	1080061	1080642	-2.83938
B73V4_ctg150	1085587	1085798	-5.42113
B73V4_ctg150	1150461	1150749	-1.05086
B73V4_ctg150	1209268	1210052	-2.40712
B73V4_ctg150	1275906	1276240	-6.45218
B73V4_ctg150	1528526	1529079	-1.63813
B73V4_ctg150	1548113	1548256	-5.00806

