chr_name	start	value	insertion_size	number_of_supporting_reads	allele_frequency
chr1	508416	1	7436	10	1
chr1	3274759	1	7344	12	1
chr1	303000972	1	6576	13	1
chr1	3535529	1	6210	13	1
chr1	692600	1	5865	21	1
chr1	1032646	1	5195	20	1
chr1	2116070	1	4130	11	1
chr3	230693558	1	9341	11	0.916667
chr3	232585140	1	7080	12	0.75
chr3	227444368	1	5228	21	0.84
chr5	1944821	1	5940	10	1
chr5	9527799	1	4879	11	1
chr7	31130305	1	11534	15	1
chr7	41649399	1	11441	10	0.909091
chr7	20719334	1	11203	11	0.916667
chr7	130695441	1	9474	10	1
chr7	12789363	1	8831	10	0.833333
chr7	109774627	1	8783	14	1
chr7	66844545	1	7357	16	1
chr7	16025762	1	7330	10	0.833333
chr7	70113417	1	7330	10	0.769231
chr7	16384550	1	7009	11	1
chr7	105599527	1	6947	13	0.928571
chr7	20726833	1	6861	11	0.785714
chr7	57671414	1	6859	10	0.833333
chr7	70397754	1	6834	12	1
chr7	96940651	1	6485	17	0.85
chr7	77729404	1	6309	10	0.909091
chr7	109018128	1	6213	12	1
chr7	40002409	1	5950	10	1
chr7	21138682	1	5691	10	0.833333
chr7	101298748	1	5086	17	0.944444
chr7	67845710	1	5041	14	0.777778
chr7	65237263	1	5028	20	0.909091
chr7	115145345	1	4917	10	1
chr7	26220121	1	4916	17	1
chr7	81235813	1	4617	12	1
chr7	49658557	1	4515	16	1
chr7	41168785	1	4427	11	1
chr7	78399875	1	4291	14	1
chr7	44479640	1	4028	11	0.916667
chr8	100710119	1	13023	14	1
chr8	17938367	1	12809	11	1
chr8	102981954	1	10807	13	1
chr8	33504379	1	10711	14	0.933333
chr8	63216610	1	9535	16	1
chr8	11265956	1	9276	14	1
chr8	96147769	1	9182	14	1
chr8	102517737	1	8865	10	1
chr8	79296655	1	8674	22	1
chr8	40269941	1	8379	14	1
chr8	94115938	1	8279	14	1
chr8	107624153	1	7812	15	1
chr8	98068071	1	7774	15	1
chr8	79798748	1	7506	21	1
chr8	36121722	1	7468	10	1
chr8	76678427	1	7396	12	1
chr8	70453976	1	7394	12	1
chr8	79385170	1	7373	14	1
chr8	37001967	1	7363	15	1
chr8	85580017	1	7317	15	1
chr8	26934587	1	7297	11	1
chr8	75955782	1	7279	11	1
chr8	4119677	1	7202	10	0.769231
chr8	71417177	1	6281	12	1
chr8	83810068	1	6154	17	1
chr8	22548908	1	5408	11	1
chr8	74949249	1	5371	22	1
chr8	70657834	1	5243	18	1
chr8	325502	1	5222	10	1
chr8	166103073	1	5214	16	1
chr8	70146181	1	4865	22	1
chr8	2108921	1	4772	13	1
chr8	51419121	1	4690	10	1
chr8	89101318	1	4629	12	1
chr8	98059417	1	4463	13	1
chr8	76703191	1	4405	15	1
chr8	57056654	1	4309	11	1
chr8	74224887	1	4196	15	1
chr8	7245202	1	4133	22	0.916667
chr8	102945647	1	4032	10	1
chr9	109353497	1	9124	15	0.882353
chr9	100461821	1	8430	13	1
chr9	82170073	1	8258	10	0.833333
chr9	117746613	1	7298	10	0.909091
chr9	141812366	1	6967	11	0.916667
chr9	34817401	1	6194	15	0.882353
chr9	82963252	1	5404	12	0.8
chr9	117400036	1	4898	10	1
chr9	110064360	1	4845	10	1
chr9	91884061	1	4675	10	0.833333
chr9	21569761	1	4461	11	0.846154
chr9	105236162	1	4460	12	0.8
chr10	92756619	1	10035	11	0.785714
chr10	62509203	1	9393	15	0.882353
chr10	45050327	1	9241	10	1
chr10	41562605	1	8254	11	0.785714
chr10	48069271	1	7342	20	0.833333
chr10	80195677	1	7311	12	0.8
chr10	53290226	1	6821	11	0.846154
chr10	112979509	1	6577	15	0.9375
chr10	98111539	1	6466	11	1
chr10	78561668	1	6129	14	0.875
chr10	82679380	1	5873	11	1
chr10	53003888	1	5636	12	1
chr10	66307897	1	5266	12	1
chr10	51122383	1	5037	15	1
chr10	99328212	1	5033	10	0.909091
chr10	92031647	1	5027	10	1
chr10	81232719	1	4842	12	1
chr10	100621240	1	4841	11	0.846154
chr10	42414855	1	4682	10	0.909091
chr10	48347113	1	4639	10	1
chr10	37355674	1	4620	14	1
chr10	68721008	1	4595	19	0.791667
chr10	38555198	1	4447	12	0.923077
chr10	69742209	1	4347	12	0.923077
chr10	87778553	1	4339	21	1
B73V4_ctg150	625859	1	4603	11	1

