chr_name	start	end	chr_name1	start1	end1	number_of_supporting_reads	allele_frequency
chr8	53242316	53242317	8	53248345	53248346	28	1
chr8	23561834	23561835	8	23567902	23567903	11	1
chr3	232207772	232207773	3	232214142	232214143	23	1
chr5	145353119	145353120	5	145360095	145360096	108	0.818182
chr10	126073839	126073840	10	126082427	126082428	14	1
chr8	61947576	61947577	8	61956958	61956959	11	1
chr10	54279740	54279741	10	54290265	54290266	38	0.974359
chr7	61756099	61756100	7	61767839	61767840	41	0.87234
chr7	16565652	16565653	7	16588096	16588097	11	1
chr7	109427123	109427124	7	109465456	109465457	18	0.947368
chr8	30205504	30205505	8	30245187	30245188	10	1
chr8	75511841	75511842	8	75587909	75587910	34	1
chr8	61948737	61948738	8	62059514	62059515	16	1
chr8	45188613	45188614	8	45311101	45311102	13	1
chr7	41008442	41008443	7	41172612	41172613	17	1
chr10	4840672	4840673	10	5021988	5021989	13	0.764706
chr8	105612133	105612134	8	105845201	105845202	11	1
chr9	29532158	29532159	9	30224644	30224645	19	0.826087
chr9	82853529	82853530	9	84919435	84919436	24	0.888889
chr4	69526975	69526976	4	72584093	72584094	12	0.8
chr3	110844017	110844018	3	123196396	123196397	18	1
chr5	192382270	192382271	5	212850846	212850847	32	0.842105
chr10	98252870	98252871	10	122249631	122249632	15	0.833333
chr8	77860566	77860567	8	114397101	114397102	24	1
chr10	5412421	5412422	10	54626364	54626365	14	1
chr8	61444980	61444981	8	130194471	130194472	12	1
chr4	95547669	95547670	4	165814130	165814131	10	0.909091
chr9	21643021	21643022	9	124567645	124567646	16	0.941176
chr4	67770063	67770064	4	183273426	183273427	21	1
chr4	67020724	67020725	4	183878280	183878281	11	1
