chr_name	start	end	chr_name1	start1	end1	number_of_supporting_reads	allele_frequency		
chr4	91496701	91496702	chr7	85899941	85899942	12	1		
chr6	2032310	2032311	chr10	58212190	58212191	22	0.916667		
chr7	18882185	18882186	chr8	19589378	19589379	11	1		
chr5	1903596	1903597	chr7	125842900	125842901	12	1		
chr5	195003025	195003026	chr7	163131176	163131177	10	1		
chr3	234323409	234323410	chr10	97906026	97906027	11	1		
chr7	110506879	110506880	chr9	6071806	6071807	12	1		
chr8	70010596	70010597	chr10	74142677	74142678	28	0.965517		
chr2	146502354	146502355	chr7	74139206	74139207	13	1		
chr5	212504728	212504729	chr8	92590032	92590033	12	1		
chr1	141579173	141579174	chr10	83536312	83536313	14	1		
chr1	367383	367384	chr9	65351718	65351719	159	0.929825		
chr1	374402	374403	chr4	116598259	116598260	11	1		
chr8	20365541	20365542	chr9	69708166	69708167	15	1		
chr5	183060371	183060372	chr10	61816100	61816101	10	1		
chr1	378346	378347	chr9	65351479	65351480	144	0.947368		
chr4	156990192	156990193	chr8	112621608	112621609	14	1		
chr4	240097093	240097094	chr9	144524158	144524159	11	1		
chr1	302541445	302541446	chr10	76862307	76862308	22	1		
chr5	81626209	81626210	chr8	82470647	82470648	26	1		
chr4	225618620	225618621	chr8	58143362	58143363	17	1		
chr2	16438777	16438778	chr7	35065611	35065612	11	1		
chr7	92389404	92389405	chr10	73944461	73944462	20	1		
chr5	21494747	21494748	chr8	121006536	121006537	17	1		
chr8	70010593	70010594	chr10	74144356	74144357	20	0.952381		
chr6	159372256	159372257	chr10	120877062	120877063	16	1		
chr9	42710246	42710247	chr10	133764475	133764476	13	1		
chr7	13934377	13934378	chr10	57107772	57107773	12	1		
chr7	65547312	65547313	chr8	30127733	30127734	16	1		
chr3	198976366	198976367	chr7	95248328	95248329	10	1		
chr1	13591664	13591665	chr8	65970799	65970800	23	1		
chr3	230575905	230575906	chr8	64480623	64480624	11	1		
chr7	14393274	14393275	chr9	109346242	109346243	14	1		
chr7	107896245	107896246	chr9	98195178	98195179	17	1		
chr9	144139945	144139946	chr10	19785539	19785540	15	1		
chr9	138968946	138968947	chr10	54626366	54626367	21	1		
chr1	40877731	40877732	chr10	64363478	64363479	13	1		
chr3	49270443	49270444	chr10	74927922	74927923	12	1		
chr8	26964627	26964628	chr10	83692471	83692472	11	1		
chr9	119018914	119018915	chr10	84134518	84134519	11	1		
chr8	19066654	19066655	chr10	112310769	112310770	16	1		
chr8	118250580	118250581	chr10	114014563	114014564	27	1		
chr3	221368615	221368616	chr10	122798456	122798457	14	1		
chr8	10308645	10308646	chr10	125148131	125148132	12	1		
chr8	10303835	10303836	chr10	125148136	125148137	12	1		
chr4	20272708	20272709	chr9	61971562	61971563	109	0.947826		
chr2	236171300	236171301	chr9	37169239	37169240	112	1		
chr6	107492488	107492489	chr9	65376077	65376078	11	1		
chr1	262598695	262598696	chr8	93781366	93781367	13	1		
chr3	197467401	197467402	chr8	71633843	71633844	12	1		
chr4	97444430	97444431	chr8	81615868	81615869	17	1		
chr5	119425542	119425543	chr8	70060284	70060285	20	1		
chr7	62503642	62503643	chr8	169553580	169553581	16	1		
chr7	88623493	88623494	chr8	100669632	100669633	24	1		
chr7	111056144	111056145	chr8	28477457	28477458	24	1		
chr4	141226436	141226437	chr7	96062675	96062676	17	1		
chr4	117729991	117729992	chr9	61971248	61971249	53	0.913793		
chr9	118996743	118996744	B73V4_ctg150	1318480	1318481	10	1		
chr4	156990009	156990010	chr7	9494162	9494163	11	1		
chr5	51708401	51708402	chr7	82496219	82496220	15	1		
chr1	250635766	250635767	chr7	62248549	62248550	30	1		
chr1	302629390	302629391	chr7	94954289	94954290	24	1		
chr4	141224378	141224379	chr7	96045846	96045847	22	1		
chr1	374627	374628	chr6	119424365	119424366	53	1		
chr6	119423014	119423015	chr9	156324624	156324625	28	0.903226		
chr3	234670346	234670347	chr6	105185517	105185518	28	1		
chr4	115197859	115197860	chr6	46219604	46219605	23	1		
chr1	372445	372446	chr9	6556267	6556268	21	0.913043		
chr4	115209655	115209656	chr8	144342318	144342319	132	0.94964		
chr1	374402	374403	chr8	139946802	139946803	70	0.921053		
chr3	28987230	28987231	chr8	38894539	38894540	68	0.906667		
chr7	83557086	83557087	chr8	16428996	16428997	30	0.9375		
chr5	201467582	201467583	chr8	139944418	139944419	29	0.935484		
chr5	81624274	81624275	chr8	82470657	82470658	28	0.903226		
chr1	198164051	198164052	chr5	214168087	214168088	20	1		
chr4	211599985	211599986	chr8	3992378	3992379	26	0.928571		
chr4	68339353	68339354	chr5	1978728	1978729	15	1		
chr3	74905370	74905371	chr5	145379111	145379112	71	1		
chr5	216131717	216131718	chr9	65376077	65376078	79	0.9875		
chr2	178890372	178890373	chr6	119417798	119417799	117	0.983193		
chr1	209113	209114	chr8	63254159	63254160	23	0.92		
chr1	190528098	190528099	chr9	61971248	61971249	45	0.978261		
chr1	272136707	272136708	chr8	89308857	89308858	19	0.95		
chr5	59676822	59676823	chr9	149913315	149913316	19	0.95		
chr5	210677578	210677579	chr9	146968040	146968041	19	0.95		
chr2	98044071	98044072	chr7	95221158	95221159	70	0.909091		
chr2	207761782	207761783	chr9	4764147	4764148	44	0.977778		
chr1	198163544	198163545	chr5	192380303	192380304	44	0.977778		
chr2	54636833	54636834	chr9	150483646	150483647	18	0.947368		
chr4	220792957	220792958	chr8	109681117	109681118	18	0.947368		
chr5	62920941	62920942	chr8	20196041	20196042	18	0.947368		
chr6	54824080	54824081	chr10	131515580	131515581	18	0.947368		
chr8	2931948	2931949	chr10	126212556	126212557	18	0.947368		
chr8	59899023	59899024	chr9	65835505	65835506	18	0.947368		
chr2	79923198	79923199	chr4	117729670	117729671	128	0.977099		
chr1	245862528	245862529	chr8	83968222	83968223	17	0.944444		
chr5	71944563	71944564	chr7	52667523	52667524	22	0.916667		
chr3	170603038	170603039	chr10	130718346	130718347	16	0.941176		
chr5	212502875	212502876	chr8	92589926	92589927	16	0.941176		
chr7	89649464	89649465	chr9	17235262	17235263	16	0.941176		
chr7	119414630	119414631	chr9	153130082	153130083	16	0.941176		
chr1	25986146	25986147	chr2	98050210	98050211	84	0.976744		
chr2	98045182	98045183	chr6	92076678	92076679	545	0.973214		
chr3	11793328	11793329	chr7	130358937	130358938	15	0.9375		
chr5	3902746	3902747	chr8	10643859	10643860	15	0.9375		
chr5	5312759	5312760	chr9	17513918	17513919	15	0.9375		
chr5	182275972	182275973	chr7	127574191	127574192	15	0.9375		
chr1	342878	342879	chr2	207761298	207761299	169	0.971264		
chr1	151188724	151188725	chr6	46218951	46218952	29	0.935484		
chr2	141949223	141949224	chr4	209796567	209796568	63	0.969231		
chr1	32245892	32245893	chr4	91187357	91187358	14	0.933333		
chr1	165471970	165471971	chr10	129374746	129374747	14	0.933333		
chr2	220840942	220840943	chr8	105453805	105453806	14	0.933333		
chr4	8159165	8159166	chr7	127575016	127575017	14	0.933333		
chr1	235242938	235242939	chr4	209797941	209797942	14	0.933333		
chr1	369189	369190	chr9	65375443	65375444	184	0.968421		
chr2	29245649	29245650	chr9	20248652	20248653	13	0.928571		
chr2	240041815	240041816	chr8	93070710	93070711	13	0.928571		
chr3	74900293	74900294	chr4	160283852	160283853	54	1		
chr5	77290813	77290814	chr7	101270705	101270706	13	0.928571		
chr7	118146001	118146002	chr10	130398982	130398983	13	0.928571		
chr9	30773448	30773449	chr10	126408265	126408266	13	0.928571		
chr9	136939208	136939209	chr10	5803953	5803954	13	0.928571		
chr5	6797647	6797648	chr7	59929899	59929900	12	0.923077		
chr5	119422673	119422674	chr8	70060279	70060280	12	0.923077		
chr5	145953708	145953709	chr7	14955943	14955944	12	0.923077		
chr7	14393267	14393268	chr9	109363418	109363419	12	0.923077		
chr2	217168961	217168962	chr10	61675914	61675915	12	0.923077		
chr1	190527578	190527579	chr9	90533153	90533154	50	0.961538		
chr3	215255297	215255298	chr5	145423589	145423590	46	0.938776		
chr2	79842325	79842326	chr5	145378640	145378641	50	0.961538		
chr1	31655125	31655126	chr10	14596736	14596737	11	0.916667		
chr1	43915347	43915348	chr7	126635817	126635818	11	0.916667		
chr2	108210972	108210973	chr4	236903520	236903521	11	0.916667		
chr2	188854513	188854514	chr8	25126432	25126433	11	0.916667		
chr2	217169721	217169722	chr10	61675905	61675906	11	0.916667		
chr5	1766504	1766505	chr10	81493263	81493264	11	0.916667		
chr2	79842326	79842327	chr3	74905370	74905371	34	1		
chr2	79923193	79923194	chr4	20272824	20272825	117	0.943548		
chr6	167323279	167323280	chr8	14633164	14633165	11	0.916667		
chr7	54508947	54508948	chr10	82756697	82756698	11	0.916667		
chr7	93373554	93373555	chr8	9036771	9036772	11	0.916667		
chr8	30687365	30687366	chr10	113480237	113480238	11	0.916667		
chr9	150145284	150145285	chr10	68929020	68929021	11	0.916667		
chr4	85868603	85868604	chr9	147643034	147643035	24	0.96		
chr5	194278554	194278555	chr9	134171559	134171560	119	0.959677		
chr2	207760265	207760266	chr4	112540851	112540852	52	0.945455		
chr1	2034454	2034455	chr3	114874762	114874763	10	0.909091		
chr1	47400534	47400535	chr9	139362158	139362159	10	0.909091		
chr1	53770818	53770819	chr5	180943396	180943397	10	0.909091		
chr1	190527766	190527767	chr4	92911739	92911740	43	0.914894		
chr2	141949223	141949224	chr4	209795582	209795583	32	0.941176		
chr8	68560954	68560955	chr10	113820504	113820505	10	0.909091		
chr8	106930431	106930432	chr9	50268603	50268604	10	0.909091		
chr8	106931818	106931819	chr9	50268596	50268597	10	0.909091		
chr7	155395376	155395377	chr9	126320447	126320448	23	0.958333		
chr1	35444821	35444822	chr8	76111786	76111787	19	0.904762		
chr2	54633463	54633464	chr9	150483561	150483562	19	0.904762		
chr7	61508283	61508284	chr8	111395439	111395440	19	0.904762		
chr2	234020349	234020350	chr8	89483297	89483298	23	0.958333		
chr1	57631315	57631316	chr2	80223984	80223985	14	1		
