chr_name	start	end	chr_name1	start1	end1	number_of_supporting_reads	allele_frequency
chr7	83557086	83557087	chr8	16428996	16428997	30	0.9375
chr1	250635766	250635767	chr7	62248549	62248550	30	1
chr2	141949223	141949224	chr4	209795582	209795583	32	0.941176
chr2	79842326	79842327	chr3	74905370	74905371	34	1
chr1	190527766	190527767	chr4	92911739	92911740	43	0.914894
chr2	207761782	207761783	chr9	4764147	4764148	44	0.977778
chr1	198163544	198163545	chr5	192380303	192380304	44	0.977778
chr1	190528098	190528099	chr9	61971248	61971249	45	0.978261
chr3	215255297	215255298	chr5	145423589	145423590	46	0.938776
chr1	190527578	190527579	chr9	90533153	90533154	50	0.961538
chr2	79842325	79842326	chr5	145378640	145378641	50	0.961538
chr2	207760265	207760266	chr4	112540851	112540852	52	0.945455
chr4	117729991	117729992	chr9	61971248	61971249	53	0.913793
chr1	374627	374628	chr6	119424365	119424366	53	1
chr3	74900293	74900294	chr4	160283852	160283853	54	1
chr2	141949223	141949224	chr4	209796567	209796568	63	0.969231
chr3	28987230	28987231	chr8	38894539	38894540	68	0.906667
chr2	98044071	98044072	chr7	95221158	95221159	70	0.909091
chr1	374402	374403	chr8	139946802	139946803	70	0.921053
chr3	74905370	74905371	chr5	145379111	145379112	71	1
chr5	216131717	216131718	chr9	65376077	65376078	79	0.9875
chr1	25986146	25986147	chr2	98050210	98050211	84	0.976744
chr4	20272708	20272709	chr9	61971562	61971563	109	0.947826
chr2	236171300	236171301	chr9	37169239	37169240	112	1
chr2	79923193	79923194	chr4	20272824	20272825	117	0.943548
chr2	178890372	178890373	chr6	119417798	119417799	117	0.983193
chr5	194278554	194278555	chr9	134171559	134171560	119	0.959677
chr2	79923198	79923199	chr4	117729670	117729671	128	0.977099
chr4	115209655	115209656	chr8	144342318	144342319	132	0.94964
chr1	378346	378347	chr9	65351479	65351480	144	0.947368
chr1	367383	367384	chr9	65351718	65351719	159	0.929825
chr1	342878	342879	chr2	207761298	207761299	169	0.971264
chr1	369189	369190	chr9	65375443	65375444	184	0.968421
chr2	98045182	98045183	chr6	92076678	92076679	545	0.973214
